#T  =  50 
# alpha    sigma 
0.16326530612244897 1 
0.18367346938775508 1 
0.2040816326530612 1 
0.22448979591836732 1 
0.24489795918367346 1 
0.26530612244897955 1 
0.2857142857142857 1 
0.3061224489795918 1 
0.32653061224489793 1 
0.3469387755102041 1 
0.36734693877551017 1 
0.3877551020408163 1 
0.4081632653061224 1 
0.42857142857142855 1 
0.44897959183673464 1 
0.4693877551020408 1 
0.4897959183673469 1 
0.5102040816326531 1 
0.5306122448979591 1 
0.5510204081632653 1 
0.5714285714285714 1 
0.5918367346938775 1 
0.6122448979591836 1 
0.6326530612244897 1 
0.6530612244897959 1 
0.673469387755102 1 
0.6938775510204082 1 
0.7142857142857142 1 
0.7346938775510203 1 
0.7551020408163265 1 
0.7755102040816326 1 
0.7959183673469387 1 
0.8163265306122448 1 
0.836734693877551 1 
0.8571428571428571 1 
0.8775510204081632 1 
0.8979591836734693 1 
0.9183673469387754 1 
0.9387755102040816 1 
0.9591836734693877 1 
0.9795918367346939 1 
1.0 1 
0.12244897959183673 2 
0.14285714285714285 2 
0.16326530612244897 2 
0.18367346938775508 2 
0.2040816326530612 2 
0.22448979591836732 2 
0.24489795918367346 2 
0.26530612244897955 2 
0.2857142857142857 2 
0.3061224489795918 2 
0.32653061224489793 2 
0.3469387755102041 2 
0.36734693877551017 2 
0.3877551020408163 2 
0.4081632653061224 2 
0.42857142857142855 2 
0.44897959183673464 2 
0.4693877551020408 2 
0.4897959183673469 2 
0.5102040816326531 2 
0.5306122448979591 2 
0.5510204081632653 2 
0.5714285714285714 2 
0.5918367346938775 2 
0.6122448979591836 2 
0.6326530612244897 2 
0.6530612244897959 2 
0.673469387755102 2 
0.6938775510204082 2 
0.7142857142857142 2 
0.7346938775510203 2 
0.7551020408163265 2 
0.7755102040816326 2 
0.7959183673469387 2 
0.8163265306122448 2 
0.836734693877551 2 
0.8571428571428571 2 
0.8775510204081632 2 
0.8979591836734693 2 
0.9183673469387754 2 
0.9387755102040816 2 
0.9591836734693877 2 
0.9795918367346939 2 
1.0 2 
0.12244897959183673 3 
0.14285714285714285 3 
0.16326530612244897 3 
0.18367346938775508 3 
0.2040816326530612 3 
0.22448979591836732 3 
0.24489795918367346 3 
0.26530612244897955 3 
0.2857142857142857 3 
0.3061224489795918 3 
0.32653061224489793 3 
0.3469387755102041 3 
0.36734693877551017 3 
0.3877551020408163 3 
0.4081632653061224 3 
0.42857142857142855 3 
0.44897959183673464 3 
0.4693877551020408 3 
0.4897959183673469 3 
0.5102040816326531 3 
0.5306122448979591 3 
0.5510204081632653 3 
0.5714285714285714 3 
0.5918367346938775 3 
0.6122448979591836 3 
0.6326530612244897 3 
0.6530612244897959 3 
0.673469387755102 3 
0.6938775510204082 3 
0.7142857142857142 3 
0.7346938775510203 3 
0.7551020408163265 3 
0.7755102040816326 3 
0.7959183673469387 3 
0.8163265306122448 3 
0.836734693877551 3 
0.8571428571428571 3 
0.8775510204081632 3 
0.8979591836734693 3 
0.9183673469387754 3 
0.9387755102040816 3 
0.9591836734693877 3 
0.9795918367346939 3 
1.0 3 
0.12244897959183673 4 
0.14285714285714285 4 
0.16326530612244897 4 
0.18367346938775508 4 
0.2040816326530612 4 
0.22448979591836732 4 
0.24489795918367346 4 
0.26530612244897955 4 
0.2857142857142857 4 
0.3061224489795918 4 
0.32653061224489793 4 
0.3469387755102041 4 
0.36734693877551017 4 
0.3877551020408163 4 
0.4081632653061224 4 
0.42857142857142855 4 
0.44897959183673464 4 
0.4693877551020408 4 
0.4897959183673469 4 
0.5102040816326531 4 
0.5306122448979591 4 
0.5510204081632653 4 
0.5714285714285714 4 
0.5918367346938775 4 
0.6122448979591836 4 
0.6326530612244897 4 
0.6530612244897959 4 
0.673469387755102 4 
0.6938775510204082 4 
0.7142857142857142 4 
0.7346938775510203 4 
0.7551020408163265 4 
0.7755102040816326 4 
0.7959183673469387 4 
0.8163265306122448 4 
0.836734693877551 4 
0.8571428571428571 4 
0.8775510204081632 4 
0.8979591836734693 4 
0.9183673469387754 4 
0.9387755102040816 4 
0.9591836734693877 4 
0.9795918367346939 4 
1.0 4 
0.12244897959183673 5 
0.14285714285714285 5 
0.16326530612244897 5 
0.18367346938775508 5 
0.2040816326530612 5 
0.22448979591836732 5 
0.24489795918367346 5 
0.26530612244897955 5 
0.2857142857142857 5 
0.3061224489795918 5 
0.32653061224489793 5 
0.3469387755102041 5 
0.36734693877551017 5 
0.3877551020408163 5 
0.4081632653061224 5 
0.42857142857142855 5 
0.44897959183673464 5 
0.4693877551020408 5 
0.4897959183673469 5 
0.5102040816326531 5 
0.5306122448979591 5 
0.5510204081632653 5 
0.5714285714285714 5 
0.5918367346938775 5 
0.6122448979591836 5 
0.6326530612244897 5 
0.6530612244897959 5 
0.673469387755102 5 
0.6938775510204082 5 
0.7142857142857142 5 
0.7346938775510203 5 
0.7551020408163265 5 
0.7755102040816326 5 
0.7959183673469387 5 
0.8163265306122448 5 
0.836734693877551 5 
0.8571428571428571 5 
0.8775510204081632 5 
0.8979591836734693 5 
0.9183673469387754 5 
0.9387755102040816 5 
0.9591836734693877 5 
0.9795918367346939 5 
1.0 5 
0.12244897959183673 6 
0.14285714285714285 6 
0.16326530612244897 6 
0.18367346938775508 6 
0.2040816326530612 6 
0.22448979591836732 6 
0.24489795918367346 6 
0.26530612244897955 6 
0.2857142857142857 6 
0.3061224489795918 6 
0.32653061224489793 6 
0.3469387755102041 6 
0.36734693877551017 6 
0.3877551020408163 6 
0.4081632653061224 6 
0.42857142857142855 6 
0.44897959183673464 6 
0.4693877551020408 6 
0.4897959183673469 6 
0.5102040816326531 6 
0.5306122448979591 6 
0.5510204081632653 6 
0.5714285714285714 6 
0.5918367346938775 6 
0.6122448979591836 6 
0.6326530612244897 6 
0.6530612244897959 6 
0.673469387755102 6 
0.6938775510204082 6 
0.7142857142857142 6 
0.7346938775510203 6 
0.7551020408163265 6 
0.7755102040816326 6 
0.7959183673469387 6 
0.8163265306122448 6 
0.836734693877551 6 
0.8571428571428571 6 
0.8775510204081632 6 
0.8979591836734693 6 
0.9183673469387754 6 
0.9387755102040816 6 
0.9591836734693877 6 
0.9795918367346939 6 
1.0 6 
0.12244897959183673 7 
0.14285714285714285 7 
0.16326530612244897 7 
0.18367346938775508 7 
0.2040816326530612 7 
0.22448979591836732 7 
0.24489795918367346 7 
0.26530612244897955 7 
0.2857142857142857 7 
0.3061224489795918 7 
0.32653061224489793 7 
0.3469387755102041 7 
0.36734693877551017 7 
0.3877551020408163 7 
0.4081632653061224 7 
0.42857142857142855 7 
0.44897959183673464 7 
0.4693877551020408 7 
0.4897959183673469 7 
0.5102040816326531 7 
0.5306122448979591 7 
0.5510204081632653 7 
0.5714285714285714 7 
0.5918367346938775 7 
0.6122448979591836 7 
0.6326530612244897 7 
0.6530612244897959 7 
0.673469387755102 7 
0.6938775510204082 7 
0.7142857142857142 7 
0.7346938775510203 7 
0.7551020408163265 7 
0.7755102040816326 7 
0.7959183673469387 7 
0.8163265306122448 7 
0.836734693877551 7 
0.8571428571428571 7 
0.8775510204081632 7 
0.8979591836734693 7 
0.9183673469387754 7 
0.9387755102040816 7 
0.9591836734693877 7 
0.9795918367346939 7 
1.0 7 
0.12244897959183673 8 
0.14285714285714285 8 
0.16326530612244897 8 
0.18367346938775508 8 
0.2040816326530612 8 
0.22448979591836732 8 
0.24489795918367346 8 
0.26530612244897955 8 
0.2857142857142857 8 
0.3061224489795918 8 
0.32653061224489793 8 
0.3469387755102041 8 
0.36734693877551017 8 
0.3877551020408163 8 
0.4081632653061224 8 
0.42857142857142855 8 
0.44897959183673464 8 
0.4693877551020408 8 
0.4897959183673469 8 
0.5102040816326531 8 
0.5306122448979591 8 
0.5510204081632653 8 
0.5714285714285714 8 
0.5918367346938775 8 
0.6122448979591836 8 
0.6326530612244897 8 
0.6530612244897959 8 
0.673469387755102 8 
0.6938775510204082 8 
0.7142857142857142 8 
0.7346938775510203 8 
0.7551020408163265 8 
0.7755102040816326 8 
0.7959183673469387 8 
0.8163265306122448 8 
0.836734693877551 8 
0.8571428571428571 8 
0.8775510204081632 8 
0.8979591836734693 8 
0.9183673469387754 8 
0.9387755102040816 8 
0.9591836734693877 8 
0.9795918367346939 8 
1.0 8 
0.12244897959183673 9 
0.14285714285714285 9 
0.16326530612244897 9 
0.18367346938775508 9 
0.2040816326530612 9 
0.22448979591836732 9 
0.24489795918367346 9 
0.26530612244897955 9 
0.2857142857142857 9 
0.3061224489795918 9 
0.32653061224489793 9 
0.3469387755102041 9 
0.36734693877551017 9 
0.3877551020408163 9 
0.4081632653061224 9 
0.42857142857142855 9 
0.44897959183673464 9 
0.4693877551020408 9 
0.4897959183673469 9 
0.5102040816326531 9 
0.5306122448979591 9 
0.5510204081632653 9 
0.5714285714285714 9 
0.5918367346938775 9 
0.6122448979591836 9 
0.6326530612244897 9 
0.6530612244897959 9 
0.673469387755102 9 
0.6938775510204082 9 
0.7142857142857142 9 
0.7346938775510203 9 
0.7551020408163265 9 
0.7755102040816326 9 
0.7959183673469387 9 
0.8163265306122448 9 
0.836734693877551 9 
0.8571428571428571 9 
0.8775510204081632 9 
0.8979591836734693 9 
0.9183673469387754 9 
0.9387755102040816 9 
0.9591836734693877 9 
0.9795918367346939 9 
1.0 9 
0.12244897959183673 10 
0.14285714285714285 10 
0.16326530612244897 10 
0.18367346938775508 10 
0.2040816326530612 10 
0.22448979591836732 10 
0.24489795918367346 10 
0.26530612244897955 10 
0.2857142857142857 10 
0.3061224489795918 10 
0.32653061224489793 10 
0.3469387755102041 10 
0.36734693877551017 10 
0.3877551020408163 10 
0.4081632653061224 10 
0.42857142857142855 10 
0.44897959183673464 10 
0.4693877551020408 10 
0.4897959183673469 10 
0.5102040816326531 10 
0.5306122448979591 10 
0.5510204081632653 10 
0.5714285714285714 10 
0.5918367346938775 10 
0.6122448979591836 10 
0.6326530612244897 10 
0.6530612244897959 10 
0.673469387755102 10 
0.6938775510204082 10 
0.7142857142857142 10 
0.7346938775510203 10 
0.7551020408163265 10 
0.7755102040816326 10 
0.7959183673469387 10 
0.8163265306122448 10 
0.836734693877551 10 
0.8571428571428571 10 
0.8775510204081632 10 
0.8979591836734693 10 
0.9183673469387754 10 
0.9387755102040816 10 
0.9591836734693877 10 
0.9795918367346939 10 
1.0 10 
0.12244897959183673 11 
0.14285714285714285 11 
0.16326530612244897 11 
0.18367346938775508 11 
0.2040816326530612 11 
0.22448979591836732 11 
0.24489795918367346 11 
0.26530612244897955 11 
0.2857142857142857 11 
0.3061224489795918 11 
0.32653061224489793 11 
0.3469387755102041 11 
0.36734693877551017 11 
0.3877551020408163 11 
0.4081632653061224 11 
0.42857142857142855 11 
0.44897959183673464 11 
0.4693877551020408 11 
0.4897959183673469 11 
0.5102040816326531 11 
0.5306122448979591 11 
0.5510204081632653 11 
0.5714285714285714 11 
0.5918367346938775 11 
0.6122448979591836 11 
0.6326530612244897 11 
0.6530612244897959 11 
0.673469387755102 11 
0.6938775510204082 11 
0.7142857142857142 11 
0.7346938775510203 11 
0.7551020408163265 11 
0.7755102040816326 11 
0.7959183673469387 11 
0.8163265306122448 11 
0.836734693877551 11 
0.8571428571428571 11 
0.8775510204081632 11 
0.8979591836734693 11 
0.9183673469387754 11 
0.9387755102040816 11 
0.9591836734693877 11 
0.9795918367346939 11 
1.0 11 
0.12244897959183673 12 
0.14285714285714285 12 
0.16326530612244897 12 
0.18367346938775508 12 
0.2040816326530612 12 
0.22448979591836732 12 
0.24489795918367346 12 
0.26530612244897955 12 
0.2857142857142857 12 
0.3061224489795918 12 
0.32653061224489793 12 
0.3469387755102041 12 
0.36734693877551017 12 
0.3877551020408163 12 
0.4081632653061224 12 
0.42857142857142855 12 
0.44897959183673464 12 
0.4693877551020408 12 
0.4897959183673469 12 
0.5102040816326531 12 
0.5306122448979591 12 
0.5510204081632653 12 
0.5714285714285714 12 
0.5918367346938775 12 
0.6122448979591836 12 
0.6326530612244897 12 
0.6530612244897959 12 
0.673469387755102 12 
0.6938775510204082 12 
0.7142857142857142 12 
0.7346938775510203 12 
0.7551020408163265 12 
0.7755102040816326 12 
0.7959183673469387 12 
0.8163265306122448 12 
0.836734693877551 12 
0.8571428571428571 12 
0.8775510204081632 12 
0.8979591836734693 12 
0.9183673469387754 12 
0.9387755102040816 12 
0.9591836734693877 12 
0.9795918367346939 12 
1.0 12 
0.12244897959183673 13 
0.14285714285714285 13 
0.16326530612244897 13 
0.18367346938775508 13 
0.2040816326530612 13 
0.22448979591836732 13 
0.24489795918367346 13 
0.26530612244897955 13 
0.2857142857142857 13 
0.3061224489795918 13 
0.32653061224489793 13 
0.3469387755102041 13 
0.36734693877551017 13 
0.3877551020408163 13 
0.4081632653061224 13 
0.42857142857142855 13 
0.44897959183673464 13 
0.4693877551020408 13 
0.4897959183673469 13 
0.5102040816326531 13 
0.5306122448979591 13 
0.5510204081632653 13 
0.5714285714285714 13 
0.5918367346938775 13 
0.6122448979591836 13 
0.6326530612244897 13 
0.6530612244897959 13 
0.673469387755102 13 
0.6938775510204082 13 
0.7142857142857142 13 
0.7346938775510203 13 
0.7551020408163265 13 
0.7755102040816326 13 
0.7959183673469387 13 
0.8163265306122448 13 
0.836734693877551 13 
0.8571428571428571 13 
0.8775510204081632 13 
0.8979591836734693 13 
0.9183673469387754 13 
0.9387755102040816 13 
0.9591836734693877 13 
0.9795918367346939 13 
1.0 13 
0.12244897959183673 14 
0.14285714285714285 14 
0.16326530612244897 14 
0.18367346938775508 14 
0.2040816326530612 14 
0.22448979591836732 14 
0.24489795918367346 14 
0.26530612244897955 14 
0.2857142857142857 14 
0.3061224489795918 14 
0.32653061224489793 14 
0.3469387755102041 14 
0.36734693877551017 14 
0.3877551020408163 14 
0.4081632653061224 14 
0.42857142857142855 14 
0.44897959183673464 14 
0.4693877551020408 14 
0.4897959183673469 14 
0.5102040816326531 14 
0.5306122448979591 14 
0.5510204081632653 14 
0.5714285714285714 14 
0.5918367346938775 14 
0.6122448979591836 14 
0.6326530612244897 14 
0.6530612244897959 14 
0.673469387755102 14 
0.6938775510204082 14 
0.7142857142857142 14 
0.7346938775510203 14 
0.7551020408163265 14 
0.7755102040816326 14 
0.7959183673469387 14 
0.8163265306122448 14 
0.836734693877551 14 
0.8571428571428571 14 
0.8775510204081632 14 
0.8979591836734693 14 
0.9183673469387754 14 
0.9387755102040816 14 
0.9591836734693877 14 
0.9795918367346939 14 
1.0 14 
0.12244897959183673 15 
0.14285714285714285 15 
0.16326530612244897 15 
0.18367346938775508 15 
0.2040816326530612 15 
0.22448979591836732 15 
0.24489795918367346 15 
0.26530612244897955 15 
0.2857142857142857 15 
0.3061224489795918 15 
0.32653061224489793 15 
0.3469387755102041 15 
0.36734693877551017 15 
0.3877551020408163 15 
0.4081632653061224 15 
0.42857142857142855 15 
0.44897959183673464 15 
0.4693877551020408 15 
0.4897959183673469 15 
0.5102040816326531 15 
0.5306122448979591 15 
0.5510204081632653 15 
0.5714285714285714 15 
0.5918367346938775 15 
0.6122448979591836 15 
0.6326530612244897 15 
0.6530612244897959 15 
0.673469387755102 15 
0.6938775510204082 15 
0.7142857142857142 15 
0.7346938775510203 15 
0.7551020408163265 15 
0.7755102040816326 15 
0.7959183673469387 15 
0.8163265306122448 15 
0.836734693877551 15 
0.8571428571428571 15 
0.8775510204081632 15 
0.8979591836734693 15 
0.9183673469387754 15 
0.9387755102040816 15 
0.9591836734693877 15 
0.9795918367346939 15 
1.0 15 
0.12244897959183673 16 
0.14285714285714285 16 
0.16326530612244897 16 
0.18367346938775508 16 
0.2040816326530612 16 
0.22448979591836732 16 
0.24489795918367346 16 
0.26530612244897955 16 
0.2857142857142857 16 
0.3061224489795918 16 
0.32653061224489793 16 
0.3469387755102041 16 
0.36734693877551017 16 
0.3877551020408163 16 
0.4081632653061224 16 
0.42857142857142855 16 
0.44897959183673464 16 
0.4693877551020408 16 
0.4897959183673469 16 
0.5102040816326531 16 
0.5306122448979591 16 
0.5510204081632653 16 
0.5714285714285714 16 
0.5918367346938775 16 
0.6122448979591836 16 
0.6326530612244897 16 
0.6530612244897959 16 
0.673469387755102 16 
0.6938775510204082 16 
0.7142857142857142 16 
0.7346938775510203 16 
0.7551020408163265 16 
0.7755102040816326 16 
0.7959183673469387 16 
0.8163265306122448 16 
0.836734693877551 16 
0.8571428571428571 16 
0.8775510204081632 16 
0.8979591836734693 16 
0.9183673469387754 16 
0.9387755102040816 16 
0.9591836734693877 16 
0.9795918367346939 16 
1.0 16 
0.12244897959183673 17 
0.14285714285714285 17 
0.16326530612244897 17 
0.18367346938775508 17 
0.2040816326530612 17 
0.22448979591836732 17 
0.24489795918367346 17 
0.26530612244897955 17 
0.2857142857142857 17 
0.3061224489795918 17 
0.32653061224489793 17 
0.3469387755102041 17 
0.36734693877551017 17 
0.3877551020408163 17 
0.4081632653061224 17 
0.42857142857142855 17 
0.44897959183673464 17 
0.4693877551020408 17 
0.4897959183673469 17 
0.5102040816326531 17 
0.5306122448979591 17 
0.5510204081632653 17 
0.5714285714285714 17 
0.5918367346938775 17 
0.6122448979591836 17 
0.6326530612244897 17 
0.6530612244897959 17 
0.673469387755102 17 
0.6938775510204082 17 
0.7142857142857142 17 
0.7346938775510203 17 
0.7551020408163265 17 
0.7755102040816326 17 
0.7959183673469387 17 
0.8163265306122448 17 
0.836734693877551 17 
0.8571428571428571 17 
0.8775510204081632 17 
0.8979591836734693 17 
0.9183673469387754 17 
0.9387755102040816 17 
0.9591836734693877 17 
0.9795918367346939 17 
1.0 17 
0.12244897959183673 18 
0.14285714285714285 18 
0.16326530612244897 18 
0.18367346938775508 18 
0.2040816326530612 18 
0.22448979591836732 18 
0.24489795918367346 18 
0.26530612244897955 18 
0.2857142857142857 18 
0.3061224489795918 18 
0.32653061224489793 18 
0.3469387755102041 18 
0.36734693877551017 18 
0.3877551020408163 18 
0.4081632653061224 18 
0.42857142857142855 18 
0.44897959183673464 18 
0.4693877551020408 18 
0.4897959183673469 18 
0.5102040816326531 18 
0.5306122448979591 18 
0.5510204081632653 18 
0.5714285714285714 18 
0.5918367346938775 18 
0.6122448979591836 18 
0.6326530612244897 18 
0.6530612244897959 18 
0.673469387755102 18 
0.6938775510204082 18 
0.7142857142857142 18 
0.7346938775510203 18 
0.7551020408163265 18 
0.7755102040816326 18 
0.7959183673469387 18 
0.8163265306122448 18 
0.836734693877551 18 
0.8571428571428571 18 
0.8775510204081632 18 
0.8979591836734693 18 
0.9183673469387754 18 
0.9387755102040816 18 
0.9591836734693877 18 
0.9795918367346939 18 
1.0 18 
0.12244897959183673 19 
0.14285714285714285 19 
0.16326530612244897 19 
0.18367346938775508 19 
0.2040816326530612 19 
0.22448979591836732 19 
0.24489795918367346 19 
0.26530612244897955 19 
0.2857142857142857 19 
0.3061224489795918 19 
0.32653061224489793 19 
0.3469387755102041 19 
0.36734693877551017 19 
0.3877551020408163 19 
0.4081632653061224 19 
0.42857142857142855 19 
0.44897959183673464 19 
0.4693877551020408 19 
0.4897959183673469 19 
0.5102040816326531 19 
0.5306122448979591 19 
0.5510204081632653 19 
0.5714285714285714 19 
0.5918367346938775 19 
0.6122448979591836 19 
0.6326530612244897 19 
0.6530612244897959 19 
0.673469387755102 19 
0.6938775510204082 19 
0.7142857142857142 19 
0.7346938775510203 19 
0.7551020408163265 19 
0.7755102040816326 19 
0.7959183673469387 19 
0.8163265306122448 19 
0.836734693877551 19 
0.8571428571428571 19 
0.8775510204081632 19 
0.8979591836734693 19 
0.9183673469387754 19 
0.9387755102040816 19 
0.9591836734693877 19 
0.9795918367346939 19 
1.0 19 
0.14285714285714285 20 
0.16326530612244897 20 
0.18367346938775508 20 
0.2040816326530612 20 
0.22448979591836732 20 
0.24489795918367346 20 
0.26530612244897955 20 
0.2857142857142857 20 
0.3061224489795918 20 
0.32653061224489793 20 
0.3469387755102041 20 
0.36734693877551017 20 
0.3877551020408163 20 
0.4081632653061224 20 
0.42857142857142855 20 
0.44897959183673464 20 
0.4693877551020408 20 
0.4897959183673469 20 
0.5102040816326531 20 
0.5306122448979591 20 
0.5510204081632653 20 
0.5714285714285714 20 
0.5918367346938775 20 
0.6122448979591836 20 
0.6326530612244897 20 
0.6530612244897959 20 
0.673469387755102 20 
0.6938775510204082 20 
0.7142857142857142 20 
0.7346938775510203 20 
0.7551020408163265 20 
0.7755102040816326 20 
0.7959183673469387 20 
0.8163265306122448 20 
0.836734693877551 20 
0.8571428571428571 20 
0.8775510204081632 20 
0.8979591836734693 20 
0.9183673469387754 20 
0.9387755102040816 20 
0.9591836734693877 20 
0.9795918367346939 20 
1.0 20 
0.14285714285714285 21 
0.16326530612244897 21 
0.18367346938775508 21 
0.2040816326530612 21 
0.22448979591836732 21 
0.24489795918367346 21 
0.26530612244897955 21 
0.2857142857142857 21 
0.3061224489795918 21 
0.32653061224489793 21 
0.3469387755102041 21 
0.36734693877551017 21 
0.3877551020408163 21 
0.4081632653061224 21 
0.42857142857142855 21 
0.44897959183673464 21 
0.4693877551020408 21 
0.4897959183673469 21 
0.5102040816326531 21 
0.5306122448979591 21 
0.5510204081632653 21 
0.5714285714285714 21 
0.5918367346938775 21 
0.6122448979591836 21 
0.6326530612244897 21 
0.6530612244897959 21 
0.673469387755102 21 
0.6938775510204082 21 
0.7142857142857142 21 
0.7346938775510203 21 
0.7551020408163265 21 
0.7755102040816326 21 
0.7959183673469387 21 
0.8163265306122448 21 
0.836734693877551 21 
0.8571428571428571 21 
0.8775510204081632 21 
0.8979591836734693 21 
0.9183673469387754 21 
0.9387755102040816 21 
0.9591836734693877 21 
0.9795918367346939 21 
1.0 21 
0.14285714285714285 22 
0.16326530612244897 22 
0.18367346938775508 22 
0.2040816326530612 22 
0.22448979591836732 22 
0.24489795918367346 22 
0.26530612244897955 22 
0.2857142857142857 22 
0.3061224489795918 22 
0.32653061224489793 22 
0.3469387755102041 22 
0.36734693877551017 22 
0.3877551020408163 22 
0.4081632653061224 22 
0.42857142857142855 22 
0.44897959183673464 22 
0.4693877551020408 22 
0.4897959183673469 22 
0.5102040816326531 22 
0.5306122448979591 22 
0.5510204081632653 22 
0.5714285714285714 22 
0.5918367346938775 22 
0.6122448979591836 22 
0.6326530612244897 22 
0.6530612244897959 22 
0.673469387755102 22 
0.6938775510204082 22 
0.7142857142857142 22 
0.7346938775510203 22 
0.7551020408163265 22 
0.7755102040816326 22 
0.7959183673469387 22 
0.8163265306122448 22 
0.836734693877551 22 
0.8571428571428571 22 
0.8775510204081632 22 
0.8979591836734693 22 
0.9183673469387754 22 
0.9387755102040816 22 
0.9591836734693877 22 
0.9795918367346939 22 
1.0 22 
0.14285714285714285 23 
0.16326530612244897 23 
0.18367346938775508 23 
0.2040816326530612 23 
0.22448979591836732 23 
0.24489795918367346 23 
0.26530612244897955 23 
0.2857142857142857 23 
0.3061224489795918 23 
0.32653061224489793 23 
0.3469387755102041 23 
0.36734693877551017 23 
0.3877551020408163 23 
0.4081632653061224 23 
0.42857142857142855 23 
0.44897959183673464 23 
0.4693877551020408 23 
0.4897959183673469 23 
0.5102040816326531 23 
0.5306122448979591 23 
0.5510204081632653 23 
0.5714285714285714 23 
0.5918367346938775 23 
0.6122448979591836 23 
0.6326530612244897 23 
0.6530612244897959 23 
0.673469387755102 23 
0.6938775510204082 23 
0.7142857142857142 23 
0.7346938775510203 23 
0.7551020408163265 23 
0.7755102040816326 23 
0.7959183673469387 23 
0.8163265306122448 23 
0.836734693877551 23 
0.8571428571428571 23 
0.8775510204081632 23 
0.8979591836734693 23 
0.9183673469387754 23 
0.9387755102040816 23 
0.9591836734693877 23 
0.9795918367346939 23 
1.0 23 
0.12244897959183673 24 
0.14285714285714285 24 
0.16326530612244897 24 
0.18367346938775508 24 
0.2040816326530612 24 
0.22448979591836732 24 
0.24489795918367346 24 
0.26530612244897955 24 
0.2857142857142857 24 
0.3061224489795918 24 
0.32653061224489793 24 
0.3469387755102041 24 
0.36734693877551017 24 
0.3877551020408163 24 
0.4081632653061224 24 
0.42857142857142855 24 
0.44897959183673464 24 
0.4693877551020408 24 
0.4897959183673469 24 
0.5102040816326531 24 
0.5306122448979591 24 
0.5510204081632653 24 
0.5714285714285714 24 
0.5918367346938775 24 
0.6122448979591836 24 
0.6326530612244897 24 
0.6530612244897959 24 
0.673469387755102 24 
0.6938775510204082 24 
0.7142857142857142 24 
0.7346938775510203 24 
0.7551020408163265 24 
0.7755102040816326 24 
0.7959183673469387 24 
0.8163265306122448 24 
0.836734693877551 24 
0.8571428571428571 24 
0.8775510204081632 24 
0.8979591836734693 24 
0.9183673469387754 24 
0.9387755102040816 24 
0.9591836734693877 24 
0.9795918367346939 24 
1.0 24 
0.12244897959183673 25 
0.14285714285714285 25 
0.16326530612244897 25 
0.18367346938775508 25 
0.2040816326530612 25 
0.22448979591836732 25 
0.24489795918367346 25 
0.26530612244897955 25 
0.2857142857142857 25 
0.3061224489795918 25 
0.32653061224489793 25 
0.3469387755102041 25 
0.36734693877551017 25 
0.3877551020408163 25 
0.4081632653061224 25 
0.42857142857142855 25 
0.44897959183673464 25 
0.4693877551020408 25 
0.4897959183673469 25 
0.5102040816326531 25 
0.5306122448979591 25 
0.5510204081632653 25 
0.5714285714285714 25 
0.5918367346938775 25 
0.6122448979591836 25 
0.6326530612244897 25 
0.6530612244897959 25 
0.673469387755102 25 
0.6938775510204082 25 
0.7142857142857142 25 
0.7346938775510203 25 
0.7551020408163265 25 
0.7755102040816326 25 
0.7959183673469387 25 
0.8163265306122448 25 
0.836734693877551 25 
0.8571428571428571 25 
0.8775510204081632 25 
0.8979591836734693 25 
0.9183673469387754 25 
0.9387755102040816 25 
0.9591836734693877 25 
0.9795918367346939 25 
1.0 25 
0.12244897959183673 26 
0.14285714285714285 26 
0.16326530612244897 26 
0.18367346938775508 26 
0.2040816326530612 26 
0.22448979591836732 26 
0.24489795918367346 26 
0.26530612244897955 26 
0.2857142857142857 26 
0.3061224489795918 26 
0.32653061224489793 26 
0.3469387755102041 26 
0.36734693877551017 26 
0.3877551020408163 26 
0.4081632653061224 26 
0.42857142857142855 26 
0.44897959183673464 26 
0.4693877551020408 26 
0.4897959183673469 26 
0.5102040816326531 26 
0.5306122448979591 26 
0.5510204081632653 26 
0.5714285714285714 26 
0.5918367346938775 26 
0.6122448979591836 26 
0.6326530612244897 26 
0.6530612244897959 26 
0.673469387755102 26 
0.6938775510204082 26 
0.7142857142857142 26 
0.7346938775510203 26 
0.7551020408163265 26 
0.7755102040816326 26 
0.7959183673469387 26 
0.8163265306122448 26 
0.836734693877551 26 
0.8571428571428571 26 
0.8775510204081632 26 
0.8979591836734693 26 
0.9183673469387754 26 
0.9387755102040816 26 
0.9591836734693877 26 
0.9795918367346939 26 
1.0 26 
0.12244897959183673 27 
0.14285714285714285 27 
0.16326530612244897 27 
0.18367346938775508 27 
0.2040816326530612 27 
0.22448979591836732 27 
0.24489795918367346 27 
0.26530612244897955 27 
0.2857142857142857 27 
0.3061224489795918 27 
0.32653061224489793 27 
0.3469387755102041 27 
0.36734693877551017 27 
0.3877551020408163 27 
0.4081632653061224 27 
0.42857142857142855 27 
0.44897959183673464 27 
0.4693877551020408 27 
0.4897959183673469 27 
0.5102040816326531 27 
0.5306122448979591 27 
0.5510204081632653 27 
0.5714285714285714 27 
0.5918367346938775 27 
0.6122448979591836 27 
0.6326530612244897 27 
0.6530612244897959 27 
0.673469387755102 27 
0.6938775510204082 27 
0.7142857142857142 27 
0.7346938775510203 27 
0.7551020408163265 27 
0.7755102040816326 27 
0.7959183673469387 27 
0.8163265306122448 27 
0.836734693877551 27 
0.8571428571428571 27 
0.8775510204081632 27 
0.8979591836734693 27 
0.9183673469387754 27 
0.9387755102040816 27 
0.9591836734693877 27 
0.9795918367346939 27 
1.0 27 
0.12244897959183673 28 
0.14285714285714285 28 
0.16326530612244897 28 
0.18367346938775508 28 
0.2040816326530612 28 
0.22448979591836732 28 
0.24489795918367346 28 
0.26530612244897955 28 
0.2857142857142857 28 
0.3061224489795918 28 
0.32653061224489793 28 
0.3469387755102041 28 
0.36734693877551017 28 
0.3877551020408163 28 
0.4081632653061224 28 
0.42857142857142855 28 
0.44897959183673464 28 
0.4693877551020408 28 
0.4897959183673469 28 
0.5102040816326531 28 
0.5306122448979591 28 
0.5510204081632653 28 
0.5714285714285714 28 
0.5918367346938775 28 
0.6122448979591836 28 
0.6326530612244897 28 
0.6530612244897959 28 
0.673469387755102 28 
0.6938775510204082 28 
0.7142857142857142 28 
0.7346938775510203 28 
0.7551020408163265 28 
0.7755102040816326 28 
0.7959183673469387 28 
0.8163265306122448 28 
0.836734693877551 28 
0.8571428571428571 28 
0.8775510204081632 28 
0.8979591836734693 28 
0.9183673469387754 28 
0.9387755102040816 28 
0.9591836734693877 28 
0.9795918367346939 28 
1.0 28 
0.12244897959183673 29 
0.14285714285714285 29 
0.16326530612244897 29 
0.18367346938775508 29 
0.2040816326530612 29 
0.22448979591836732 29 
0.24489795918367346 29 
0.26530612244897955 29 
0.2857142857142857 29 
0.3061224489795918 29 
0.32653061224489793 29 
0.3469387755102041 29 
0.36734693877551017 29 
0.3877551020408163 29 
0.4081632653061224 29 
0.42857142857142855 29 
0.44897959183673464 29 
0.4693877551020408 29 
0.4897959183673469 29 
0.5102040816326531 29 
0.5306122448979591 29 
0.5510204081632653 29 
0.5714285714285714 29 
0.5918367346938775 29 
0.6122448979591836 29 
0.6326530612244897 29 
0.6530612244897959 29 
0.673469387755102 29 
0.6938775510204082 29 
0.7142857142857142 29 
0.7346938775510203 29 
0.7551020408163265 29 
0.7755102040816326 29 
0.7959183673469387 29 
0.8163265306122448 29 
0.836734693877551 29 
0.8571428571428571 29 
0.8775510204081632 29 
0.8979591836734693 29 
0.9183673469387754 29 
0.9387755102040816 29 
0.9591836734693877 29 
0.9795918367346939 29 
1.0 29 
0.12244897959183673 30 
0.14285714285714285 30 
0.16326530612244897 30 
0.18367346938775508 30 
0.2040816326530612 30 
0.22448979591836732 30 
0.24489795918367346 30 
0.26530612244897955 30 
0.2857142857142857 30 
0.3061224489795918 30 
0.32653061224489793 30 
0.3469387755102041 30 
0.36734693877551017 30 
0.3877551020408163 30 
0.4081632653061224 30 
0.42857142857142855 30 
0.44897959183673464 30 
0.4693877551020408 30 
0.4897959183673469 30 
0.5102040816326531 30 
0.5306122448979591 30 
0.5510204081632653 30 
0.5714285714285714 30 
0.5918367346938775 30 
0.6122448979591836 30 
0.6326530612244897 30 
0.6530612244897959 30 
0.673469387755102 30 
0.6938775510204082 30 
0.7142857142857142 30 
0.7346938775510203 30 
0.7551020408163265 30 
0.7755102040816326 30 
0.7959183673469387 30 
0.8163265306122448 30 
0.836734693877551 30 
0.8571428571428571 30 
0.8775510204081632 30 
0.8979591836734693 30 
0.9183673469387754 30 
0.9387755102040816 30 
0.9591836734693877 30 
0.9795918367346939 30 
1.0 30 
0.12244897959183673 31 
0.14285714285714285 31 
0.16326530612244897 31 
0.18367346938775508 31 
0.2040816326530612 31 
0.22448979591836732 31 
0.24489795918367346 31 
0.26530612244897955 31 
0.2857142857142857 31 
0.3061224489795918 31 
0.32653061224489793 31 
0.3469387755102041 31 
0.36734693877551017 31 
0.3877551020408163 31 
0.4081632653061224 31 
0.42857142857142855 31 
0.44897959183673464 31 
0.4693877551020408 31 
0.4897959183673469 31 
0.5102040816326531 31 
0.5306122448979591 31 
0.5510204081632653 31 
0.5714285714285714 31 
0.5918367346938775 31 
0.6122448979591836 31 
0.6326530612244897 31 
0.6530612244897959 31 
0.673469387755102 31 
0.6938775510204082 31 
0.7142857142857142 31 
0.7346938775510203 31 
0.7551020408163265 31 
0.7755102040816326 31 
0.7959183673469387 31 
0.8163265306122448 31 
0.836734693877551 31 
0.8571428571428571 31 
0.8775510204081632 31 
0.8979591836734693 31 
0.9183673469387754 31 
0.9387755102040816 31 
0.9591836734693877 31 
0.9795918367346939 31 
1.0 31 
0.12244897959183673 32 
0.14285714285714285 32 
0.16326530612244897 32 
0.18367346938775508 32 
0.2040816326530612 32 
0.22448979591836732 32 
0.24489795918367346 32 
0.26530612244897955 32 
0.2857142857142857 32 
0.3061224489795918 32 
0.32653061224489793 32 
0.3469387755102041 32 
0.36734693877551017 32 
0.3877551020408163 32 
0.4081632653061224 32 
0.42857142857142855 32 
0.44897959183673464 32 
0.4693877551020408 32 
0.4897959183673469 32 
0.5102040816326531 32 
0.5306122448979591 32 
0.5510204081632653 32 
0.5714285714285714 32 
0.5918367346938775 32 
0.6122448979591836 32 
0.6326530612244897 32 
0.6530612244897959 32 
0.673469387755102 32 
0.6938775510204082 32 
0.7142857142857142 32 
0.7346938775510203 32 
0.7551020408163265 32 
0.7755102040816326 32 
0.7959183673469387 32 
0.8163265306122448 32 
0.836734693877551 32 
0.8571428571428571 32 
0.8775510204081632 32 
0.8979591836734693 32 
0.9183673469387754 32 
0.9387755102040816 32 
0.9591836734693877 32 
0.9795918367346939 32 
1.0 32 
0.12244897959183673 33 
0.14285714285714285 33 
0.16326530612244897 33 
0.18367346938775508 33 
0.2040816326530612 33 
0.22448979591836732 33 
0.24489795918367346 33 
0.26530612244897955 33 
0.2857142857142857 33 
0.3061224489795918 33 
0.32653061224489793 33 
0.3469387755102041 33 
0.36734693877551017 33 
0.3877551020408163 33 
0.4081632653061224 33 
0.42857142857142855 33 
0.44897959183673464 33 
0.4693877551020408 33 
0.4897959183673469 33 
0.5102040816326531 33 
0.5306122448979591 33 
0.5510204081632653 33 
0.5714285714285714 33 
0.5918367346938775 33 
0.6122448979591836 33 
0.6326530612244897 33 
0.6530612244897959 33 
0.673469387755102 33 
0.6938775510204082 33 
0.7142857142857142 33 
0.7346938775510203 33 
0.7551020408163265 33 
0.7755102040816326 33 
0.7959183673469387 33 
0.8163265306122448 33 
0.836734693877551 33 
0.8571428571428571 33 
0.8775510204081632 33 
0.8979591836734693 33 
0.9183673469387754 33 
0.9387755102040816 33 
0.9591836734693877 33 
0.9795918367346939 33 
1.0 33 
0.12244897959183673 34 
0.14285714285714285 34 
0.16326530612244897 34 
0.18367346938775508 34 
0.2040816326530612 34 
0.22448979591836732 34 
0.24489795918367346 34 
0.26530612244897955 34 
0.2857142857142857 34 
0.3061224489795918 34 
0.32653061224489793 34 
0.3469387755102041 34 
0.36734693877551017 34 
0.3877551020408163 34 
0.4081632653061224 34 
0.42857142857142855 34 
0.44897959183673464 34 
0.4693877551020408 34 
0.4897959183673469 34 
0.5102040816326531 34 
0.5306122448979591 34 
0.5510204081632653 34 
0.5714285714285714 34 
0.5918367346938775 34 
0.6122448979591836 34 
0.6326530612244897 34 
0.6530612244897959 34 
0.673469387755102 34 
0.6938775510204082 34 
0.7142857142857142 34 
0.7346938775510203 34 
0.7551020408163265 34 
0.7755102040816326 34 
0.7959183673469387 34 
0.8163265306122448 34 
0.836734693877551 34 
0.8571428571428571 34 
0.8775510204081632 34 
0.8979591836734693 34 
0.9183673469387754 34 
0.9387755102040816 34 
0.9591836734693877 34 
0.9795918367346939 34 
1.0 34 
0.12244897959183673 35 
0.14285714285714285 35 
0.16326530612244897 35 
0.18367346938775508 35 
0.2040816326530612 35 
0.22448979591836732 35 
0.24489795918367346 35 
0.26530612244897955 35 
0.2857142857142857 35 
0.3061224489795918 35 
0.32653061224489793 35 
0.3469387755102041 35 
0.36734693877551017 35 
0.3877551020408163 35 
0.4081632653061224 35 
0.42857142857142855 35 
0.44897959183673464 35 
0.4693877551020408 35 
0.4897959183673469 35 
0.5102040816326531 35 
0.5306122448979591 35 
0.5510204081632653 35 
0.5714285714285714 35 
0.5918367346938775 35 
0.6122448979591836 35 
0.6326530612244897 35 
0.6530612244897959 35 
0.673469387755102 35 
0.6938775510204082 35 
0.7142857142857142 35 
0.7346938775510203 35 
0.7551020408163265 35 
0.7755102040816326 35 
0.7959183673469387 35 
0.8163265306122448 35 
0.836734693877551 35 
0.8571428571428571 35 
0.8775510204081632 35 
0.8979591836734693 35 
0.9183673469387754 35 
0.9387755102040816 35 
0.9591836734693877 35 
0.9795918367346939 35 
1.0 35 
0.14285714285714285 36 
0.16326530612244897 36 
0.18367346938775508 36 
0.2040816326530612 36 
0.22448979591836732 36 
0.24489795918367346 36 
0.26530612244897955 36 
0.2857142857142857 36 
0.3061224489795918 36 
0.32653061224489793 36 
0.3469387755102041 36 
0.36734693877551017 36 
0.3877551020408163 36 
0.4081632653061224 36 
0.42857142857142855 36 
0.44897959183673464 36 
0.4693877551020408 36 
0.4897959183673469 36 
0.5102040816326531 36 
0.5306122448979591 36 
0.5510204081632653 36 
0.5714285714285714 36 
0.5918367346938775 36 
0.6122448979591836 36 
0.6326530612244897 36 
0.6530612244897959 36 
0.673469387755102 36 
0.6938775510204082 36 
0.7142857142857142 36 
0.7346938775510203 36 
0.7551020408163265 36 
0.7755102040816326 36 
0.7959183673469387 36 
0.8163265306122448 36 
0.836734693877551 36 
0.8571428571428571 36 
0.8775510204081632 36 
0.8979591836734693 36 
0.9183673469387754 36 
0.9387755102040816 36 
0.9591836734693877 36 
0.9795918367346939 36 
1.0 36 
0.14285714285714285 37 
0.16326530612244897 37 
0.18367346938775508 37 
0.2040816326530612 37 
0.22448979591836732 37 
0.24489795918367346 37 
0.26530612244897955 37 
0.2857142857142857 37 
0.3061224489795918 37 
0.32653061224489793 37 
0.3469387755102041 37 
0.36734693877551017 37 
0.3877551020408163 37 
0.4081632653061224 37 
0.42857142857142855 37 
0.44897959183673464 37 
0.4693877551020408 37 
0.4897959183673469 37 
0.5102040816326531 37 
0.5306122448979591 37 
0.5510204081632653 37 
0.5714285714285714 37 
0.5918367346938775 37 
0.6122448979591836 37 
0.6326530612244897 37 
0.6530612244897959 37 
0.673469387755102 37 
0.6938775510204082 37 
0.7142857142857142 37 
0.7346938775510203 37 
0.7551020408163265 37 
0.7755102040816326 37 
0.7959183673469387 37 
0.8163265306122448 37 
0.836734693877551 37 
0.8571428571428571 37 
0.8775510204081632 37 
0.8979591836734693 37 
0.9183673469387754 37 
0.9387755102040816 37 
0.9591836734693877 37 
0.9795918367346939 37 
1.0 37 
0.14285714285714285 38 
0.16326530612244897 38 
0.18367346938775508 38 
0.2040816326530612 38 
0.22448979591836732 38 
0.24489795918367346 38 
0.26530612244897955 38 
0.2857142857142857 38 
0.3061224489795918 38 
0.32653061224489793 38 
0.3469387755102041 38 
0.36734693877551017 38 
0.3877551020408163 38 
0.4081632653061224 38 
0.42857142857142855 38 
0.44897959183673464 38 
0.4693877551020408 38 
0.4897959183673469 38 
0.5102040816326531 38 
0.5306122448979591 38 
0.5510204081632653 38 
0.5714285714285714 38 
0.5918367346938775 38 
0.6122448979591836 38 
0.6326530612244897 38 
0.6530612244897959 38 
0.673469387755102 38 
0.6938775510204082 38 
0.7142857142857142 38 
0.7346938775510203 38 
0.7551020408163265 38 
0.7755102040816326 38 
0.7959183673469387 38 
0.8163265306122448 38 
0.836734693877551 38 
0.8571428571428571 38 
0.8775510204081632 38 
0.8979591836734693 38 
0.9183673469387754 38 
0.9387755102040816 38 
0.9591836734693877 38 
0.9795918367346939 38 
1.0 38 
0.14285714285714285 39 
0.16326530612244897 39 
0.18367346938775508 39 
0.2040816326530612 39 
0.22448979591836732 39 
0.24489795918367346 39 
0.26530612244897955 39 
0.2857142857142857 39 
0.3061224489795918 39 
0.32653061224489793 39 
0.3469387755102041 39 
0.36734693877551017 39 
0.3877551020408163 39 
0.4081632653061224 39 
0.42857142857142855 39 
0.44897959183673464 39 
0.4693877551020408 39 
0.4897959183673469 39 
0.5102040816326531 39 
0.5306122448979591 39 
0.5510204081632653 39 
0.5714285714285714 39 
0.5918367346938775 39 
0.6122448979591836 39 
0.6326530612244897 39 
0.6530612244897959 39 
0.673469387755102 39 
0.6938775510204082 39 
0.7142857142857142 39 
0.7346938775510203 39 
0.7551020408163265 39 
0.7755102040816326 39 
0.7959183673469387 39 
0.8163265306122448 39 
0.836734693877551 39 
0.8571428571428571 39 
0.8775510204081632 39 
0.8979591836734693 39 
0.9183673469387754 39 
0.9387755102040816 39 
0.9591836734693877 39 
0.9795918367346939 39 
1.0 39 
0.14285714285714285 40 
0.16326530612244897 40 
0.18367346938775508 40 
0.2040816326530612 40 
0.22448979591836732 40 
0.24489795918367346 40 
0.26530612244897955 40 
0.2857142857142857 40 
0.3061224489795918 40 
0.32653061224489793 40 
0.3469387755102041 40 
0.36734693877551017 40 
0.3877551020408163 40 
0.4081632653061224 40 
0.42857142857142855 40 
0.44897959183673464 40 
0.4693877551020408 40 
0.4897959183673469 40 
0.5102040816326531 40 
0.5306122448979591 40 
0.5510204081632653 40 
0.5714285714285714 40 
0.5918367346938775 40 
0.6122448979591836 40 
0.6326530612244897 40 
0.6530612244897959 40 
0.673469387755102 40 
0.6938775510204082 40 
0.7142857142857142 40 
0.7346938775510203 40 
0.7551020408163265 40 
0.7755102040816326 40 
0.7959183673469387 40 
0.8163265306122448 40 
0.836734693877551 40 
0.8571428571428571 40 
0.8775510204081632 40 
0.8979591836734693 40 
0.9183673469387754 40 
0.9387755102040816 40 
0.9591836734693877 40 
0.9795918367346939 40 
1.0 40 
0.14285714285714285 41 
0.16326530612244897 41 
0.18367346938775508 41 
0.2040816326530612 41 
0.22448979591836732 41 
0.24489795918367346 41 
0.26530612244897955 41 
0.2857142857142857 41 
0.3061224489795918 41 
0.32653061224489793 41 
0.3469387755102041 41 
0.36734693877551017 41 
0.3877551020408163 41 
0.4081632653061224 41 
0.42857142857142855 41 
0.44897959183673464 41 
0.4693877551020408 41 
0.4897959183673469 41 
0.5102040816326531 41 
0.5306122448979591 41 
0.5510204081632653 41 
0.5714285714285714 41 
0.5918367346938775 41 
0.6122448979591836 41 
0.6326530612244897 41 
0.6530612244897959 41 
0.673469387755102 41 
0.6938775510204082 41 
0.7142857142857142 41 
0.7346938775510203 41 
0.7551020408163265 41 
0.7755102040816326 41 
0.7959183673469387 41 
0.8163265306122448 41 
0.836734693877551 41 
0.8571428571428571 41 
0.8775510204081632 41 
0.8979591836734693 41 
0.9183673469387754 41 
0.9387755102040816 41 
0.9591836734693877 41 
0.9795918367346939 41 
1.0 41 
0.14285714285714285 42 
0.16326530612244897 42 
0.18367346938775508 42 
0.2040816326530612 42 
0.22448979591836732 42 
0.24489795918367346 42 
0.26530612244897955 42 
0.2857142857142857 42 
0.3061224489795918 42 
0.32653061224489793 42 
0.3469387755102041 42 
0.36734693877551017 42 
0.3877551020408163 42 
0.4081632653061224 42 
0.42857142857142855 42 
0.44897959183673464 42 
0.4693877551020408 42 
0.4897959183673469 42 
0.5102040816326531 42 
0.5306122448979591 42 
0.5510204081632653 42 
0.5714285714285714 42 
0.5918367346938775 42 
0.6122448979591836 42 
0.6326530612244897 42 
0.6530612244897959 42 
0.673469387755102 42 
0.6938775510204082 42 
0.7142857142857142 42 
0.7346938775510203 42 
0.7551020408163265 42 
0.7755102040816326 42 
0.7959183673469387 42 
0.8163265306122448 42 
0.836734693877551 42 
0.8571428571428571 42 
0.8775510204081632 42 
0.8979591836734693 42 
0.9183673469387754 42 
0.9387755102040816 42 
0.9591836734693877 42 
0.9795918367346939 42 
1.0 42 
0.14285714285714285 43 
0.16326530612244897 43 
0.18367346938775508 43 
0.2040816326530612 43 
0.22448979591836732 43 
0.24489795918367346 43 
0.26530612244897955 43 
0.2857142857142857 43 
0.3061224489795918 43 
0.32653061224489793 43 
0.3469387755102041 43 
0.36734693877551017 43 
0.3877551020408163 43 
0.4081632653061224 43 
0.42857142857142855 43 
0.44897959183673464 43 
0.4693877551020408 43 
0.4897959183673469 43 
0.5102040816326531 43 
0.5306122448979591 43 
0.5510204081632653 43 
0.5714285714285714 43 
0.5918367346938775 43 
0.6122448979591836 43 
0.6326530612244897 43 
0.6530612244897959 43 
0.673469387755102 43 
0.6938775510204082 43 
0.7142857142857142 43 
0.7346938775510203 43 
0.7551020408163265 43 
0.7755102040816326 43 
0.7959183673469387 43 
0.8163265306122448 43 
0.836734693877551 43 
0.8571428571428571 43 
0.8775510204081632 43 
0.8979591836734693 43 
0.9183673469387754 43 
0.9387755102040816 43 
0.9591836734693877 43 
0.9795918367346939 43 
1.0 43 
0.14285714285714285 44 
0.16326530612244897 44 
0.18367346938775508 44 
0.2040816326530612 44 
0.22448979591836732 44 
0.24489795918367346 44 
0.26530612244897955 44 
0.2857142857142857 44 
0.3061224489795918 44 
0.32653061224489793 44 
0.3469387755102041 44 
0.36734693877551017 44 
0.3877551020408163 44 
0.4081632653061224 44 
0.42857142857142855 44 
0.44897959183673464 44 
0.4693877551020408 44 
0.4897959183673469 44 
0.5102040816326531 44 
0.5306122448979591 44 
0.5510204081632653 44 
0.5714285714285714 44 
0.5918367346938775 44 
0.6122448979591836 44 
0.6326530612244897 44 
0.6530612244897959 44 
0.673469387755102 44 
0.6938775510204082 44 
0.7142857142857142 44 
0.7346938775510203 44 
0.7551020408163265 44 
0.7755102040816326 44 
0.7959183673469387 44 
0.8163265306122448 44 
0.836734693877551 44 
0.8571428571428571 44 
0.8775510204081632 44 
0.8979591836734693 44 
0.9183673469387754 44 
0.9387755102040816 44 
0.9591836734693877 44 
0.9795918367346939 44 
1.0 44 
0.14285714285714285 45 
0.16326530612244897 45 
0.18367346938775508 45 
0.2040816326530612 45 
0.22448979591836732 45 
0.24489795918367346 45 
0.26530612244897955 45 
0.2857142857142857 45 
0.3061224489795918 45 
0.32653061224489793 45 
0.3469387755102041 45 
0.36734693877551017 45 
0.3877551020408163 45 
0.4081632653061224 45 
0.42857142857142855 45 
0.44897959183673464 45 
0.4693877551020408 45 
0.4897959183673469 45 
0.5102040816326531 45 
0.5306122448979591 45 
0.5510204081632653 45 
0.5714285714285714 45 
0.5918367346938775 45 
0.6122448979591836 45 
0.6326530612244897 45 
0.6530612244897959 45 
0.673469387755102 45 
0.6938775510204082 45 
0.7142857142857142 45 
0.7346938775510203 45 
0.7551020408163265 45 
0.7755102040816326 45 
0.7959183673469387 45 
0.8163265306122448 45 
0.836734693877551 45 
0.8571428571428571 45 
0.8775510204081632 45 
0.8979591836734693 45 
0.9183673469387754 45 
0.9387755102040816 45 
0.9591836734693877 45 
0.9795918367346939 45 
1.0 45 
0.14285714285714285 46 
0.16326530612244897 46 
0.18367346938775508 46 
0.2040816326530612 46 
0.22448979591836732 46 
0.24489795918367346 46 
0.26530612244897955 46 
0.2857142857142857 46 
0.3061224489795918 46 
0.32653061224489793 46 
0.3469387755102041 46 
0.36734693877551017 46 
0.3877551020408163 46 
0.4081632653061224 46 
0.42857142857142855 46 
0.44897959183673464 46 
0.4693877551020408 46 
0.4897959183673469 46 
0.5102040816326531 46 
0.5306122448979591 46 
0.5510204081632653 46 
0.5714285714285714 46 
0.5918367346938775 46 
0.6122448979591836 46 
0.6326530612244897 46 
0.6530612244897959 46 
0.673469387755102 46 
0.6938775510204082 46 
0.7142857142857142 46 
0.7346938775510203 46 
0.7551020408163265 46 
0.7755102040816326 46 
0.7959183673469387 46 
0.8163265306122448 46 
0.836734693877551 46 
0.8571428571428571 46 
0.8775510204081632 46 
0.8979591836734693 46 
0.9183673469387754 46 
0.9387755102040816 46 
0.9591836734693877 46 
0.9795918367346939 46 
1.0 46 
0.14285714285714285 47 
0.16326530612244897 47 
0.18367346938775508 47 
0.2040816326530612 47 
0.22448979591836732 47 
0.24489795918367346 47 
0.26530612244897955 47 
0.2857142857142857 47 
0.3061224489795918 47 
0.32653061224489793 47 
0.3469387755102041 47 
0.36734693877551017 47 
0.3877551020408163 47 
0.4081632653061224 47 
0.42857142857142855 47 
0.44897959183673464 47 
0.4693877551020408 47 
0.4897959183673469 47 
0.5102040816326531 47 
0.5306122448979591 47 
0.5510204081632653 47 
0.5714285714285714 47 
0.5918367346938775 47 
0.6122448979591836 47 
0.6326530612244897 47 
0.6530612244897959 47 
0.673469387755102 47 
0.6938775510204082 47 
0.7142857142857142 47 
0.7346938775510203 47 
0.7551020408163265 47 
0.7755102040816326 47 
0.7959183673469387 47 
0.8163265306122448 47 
0.836734693877551 47 
0.8571428571428571 47 
0.8775510204081632 47 
0.8979591836734693 47 
0.9183673469387754 47 
0.9387755102040816 47 
0.9591836734693877 47 
0.9795918367346939 47 
1.0 47 
0.14285714285714285 48 
0.16326530612244897 48 
0.18367346938775508 48 
0.2040816326530612 48 
0.22448979591836732 48 
0.24489795918367346 48 
0.26530612244897955 48 
0.2857142857142857 48 
0.3061224489795918 48 
0.32653061224489793 48 
0.3469387755102041 48 
0.36734693877551017 48 
0.3877551020408163 48 
0.4081632653061224 48 
0.42857142857142855 48 
0.44897959183673464 48 
0.4693877551020408 48 
0.4897959183673469 48 
0.5102040816326531 48 
0.5306122448979591 48 
0.5510204081632653 48 
0.5714285714285714 48 
0.5918367346938775 48 
0.6122448979591836 48 
0.6326530612244897 48 
0.6530612244897959 48 
0.673469387755102 48 
0.6938775510204082 48 
0.7142857142857142 48 
0.7346938775510203 48 
0.7551020408163265 48 
0.7755102040816326 48 
0.7959183673469387 48 
0.8163265306122448 48 
0.836734693877551 48 
0.8571428571428571 48 
0.8775510204081632 48 
0.8979591836734693 48 
0.9183673469387754 48 
0.9387755102040816 48 
0.9591836734693877 48 
0.9795918367346939 48 
1.0 48 
0.14285714285714285 49 
0.16326530612244897 49 
0.18367346938775508 49 
0.2040816326530612 49 
0.22448979591836732 49 
0.24489795918367346 49 
0.26530612244897955 49 
0.2857142857142857 49 
0.3061224489795918 49 
0.32653061224489793 49 
0.3469387755102041 49 
0.36734693877551017 49 
0.3877551020408163 49 
0.4081632653061224 49 
0.42857142857142855 49 
0.44897959183673464 49 
0.4693877551020408 49 
0.4897959183673469 49 
0.5102040816326531 49 
0.5306122448979591 49 
0.5510204081632653 49 
0.5714285714285714 49 
0.5918367346938775 49 
0.6122448979591836 49 
0.6326530612244897 49 
0.6530612244897959 49 
0.673469387755102 49 
0.6938775510204082 49 
0.7142857142857142 49 
0.7346938775510203 49 
0.7551020408163265 49 
0.7755102040816326 49 
0.7959183673469387 49 
0.8163265306122448 49 
0.836734693877551 49 
0.8571428571428571 49 
0.8775510204081632 49 
0.8979591836734693 49 
0.9183673469387754 49 
0.9387755102040816 49 
0.9591836734693877 49 
0.9795918367346939 49 
1.0 49 
0.14285714285714285 50 
0.16326530612244897 50 
0.18367346938775508 50 
0.2040816326530612 50 
0.22448979591836732 50 
0.24489795918367346 50 
0.26530612244897955 50 
0.2857142857142857 50 
0.3061224489795918 50 
0.32653061224489793 50 
0.3469387755102041 50 
0.36734693877551017 50 
0.3877551020408163 50 
0.4081632653061224 50 
0.42857142857142855 50 
0.44897959183673464 50 
0.4693877551020408 50 
0.4897959183673469 50 
0.5102040816326531 50 
0.5306122448979591 50 
0.5510204081632653 50 
0.5714285714285714 50 
0.5918367346938775 50 
0.6122448979591836 50 
0.6326530612244897 50 
0.6530612244897959 50 
0.673469387755102 50 
0.6938775510204082 50 
0.7142857142857142 50 
0.7346938775510203 50 
0.7551020408163265 50 
0.7755102040816326 50 
0.7959183673469387 50 
0.8163265306122448 50 
0.836734693877551 50 
0.8571428571428571 50 
0.8775510204081632 50 
0.8979591836734693 50 
0.9183673469387754 50 
0.9387755102040816 50 
0.9591836734693877 50 
0.9795918367346939 50 
1.0 50 
0.14285714285714285 51 
0.16326530612244897 51 
0.18367346938775508 51 
0.2040816326530612 51 
0.22448979591836732 51 
0.24489795918367346 51 
0.26530612244897955 51 
0.2857142857142857 51 
0.3061224489795918 51 
0.32653061224489793 51 
0.3469387755102041 51 
0.36734693877551017 51 
0.3877551020408163 51 
0.4081632653061224 51 
0.42857142857142855 51 
0.44897959183673464 51 
0.4693877551020408 51 
0.4897959183673469 51 
0.5102040816326531 51 
0.5306122448979591 51 
0.5510204081632653 51 
0.5714285714285714 51 
0.5918367346938775 51 
0.6122448979591836 51 
0.6326530612244897 51 
0.6530612244897959 51 
0.673469387755102 51 
0.6938775510204082 51 
0.7142857142857142 51 
0.7346938775510203 51 
0.7551020408163265 51 
0.7755102040816326 51 
0.7959183673469387 51 
0.8163265306122448 51 
0.836734693877551 51 
0.8571428571428571 51 
0.8775510204081632 51 
0.8979591836734693 51 
0.9183673469387754 51 
0.9387755102040816 51 
0.9591836734693877 51 
0.9795918367346939 51 
1.0 51 
0.14285714285714285 52 
0.16326530612244897 52 
0.18367346938775508 52 
0.2040816326530612 52 
0.22448979591836732 52 
0.24489795918367346 52 
0.26530612244897955 52 
0.2857142857142857 52 
0.3061224489795918 52 
0.32653061224489793 52 
0.3469387755102041 52 
0.36734693877551017 52 
0.3877551020408163 52 
0.4081632653061224 52 
0.42857142857142855 52 
0.44897959183673464 52 
0.4693877551020408 52 
0.4897959183673469 52 
0.5102040816326531 52 
0.5306122448979591 52 
0.5510204081632653 52 
0.5714285714285714 52 
0.5918367346938775 52 
0.6122448979591836 52 
0.6326530612244897 52 
0.6530612244897959 52 
0.673469387755102 52 
0.6938775510204082 52 
0.7142857142857142 52 
0.7346938775510203 52 
0.7551020408163265 52 
0.7755102040816326 52 
0.7959183673469387 52 
0.8163265306122448 52 
0.836734693877551 52 
0.8571428571428571 52 
0.8775510204081632 52 
0.8979591836734693 52 
0.9183673469387754 52 
0.9387755102040816 52 
0.9591836734693877 52 
0.9795918367346939 52 
1.0 52 
0.14285714285714285 53 
0.16326530612244897 53 
0.18367346938775508 53 
0.2040816326530612 53 
0.22448979591836732 53 
0.24489795918367346 53 
0.26530612244897955 53 
0.2857142857142857 53 
0.3061224489795918 53 
0.32653061224489793 53 
0.3469387755102041 53 
0.36734693877551017 53 
0.3877551020408163 53 
0.4081632653061224 53 
0.42857142857142855 53 
0.44897959183673464 53 
0.4693877551020408 53 
0.4897959183673469 53 
0.5102040816326531 53 
0.5306122448979591 53 
0.5510204081632653 53 
0.5714285714285714 53 
0.5918367346938775 53 
0.6122448979591836 53 
0.6326530612244897 53 
0.6530612244897959 53 
0.673469387755102 53 
0.6938775510204082 53 
0.7142857142857142 53 
0.7346938775510203 53 
0.7551020408163265 53 
0.7755102040816326 53 
0.7959183673469387 53 
0.8163265306122448 53 
0.836734693877551 53 
0.8571428571428571 53 
0.8775510204081632 53 
0.8979591836734693 53 
0.9183673469387754 53 
0.9387755102040816 53 
0.9591836734693877 53 
0.9795918367346939 53 
1.0 53 
0.14285714285714285 54 
0.16326530612244897 54 
0.18367346938775508 54 
0.2040816326530612 54 
0.22448979591836732 54 
0.24489795918367346 54 
0.26530612244897955 54 
0.2857142857142857 54 
0.3061224489795918 54 
0.32653061224489793 54 
0.3469387755102041 54 
0.36734693877551017 54 
0.3877551020408163 54 
0.4081632653061224 54 
0.42857142857142855 54 
0.44897959183673464 54 
0.4693877551020408 54 
0.4897959183673469 54 
0.5102040816326531 54 
0.5306122448979591 54 
0.5510204081632653 54 
0.5714285714285714 54 
0.5918367346938775 54 
0.6122448979591836 54 
0.6326530612244897 54 
0.6530612244897959 54 
0.673469387755102 54 
0.6938775510204082 54 
0.7142857142857142 54 
0.7346938775510203 54 
0.7551020408163265 54 
0.7755102040816326 54 
0.7959183673469387 54 
0.8163265306122448 54 
0.836734693877551 54 
0.8571428571428571 54 
0.8775510204081632 54 
0.8979591836734693 54 
0.9183673469387754 54 
0.9387755102040816 54 
0.9591836734693877 54 
0.9795918367346939 54 
1.0 54 
0.14285714285714285 55 
0.16326530612244897 55 
0.18367346938775508 55 
0.2040816326530612 55 
0.22448979591836732 55 
0.24489795918367346 55 
0.26530612244897955 55 
0.2857142857142857 55 
0.3061224489795918 55 
0.32653061224489793 55 
0.3469387755102041 55 
0.36734693877551017 55 
0.3877551020408163 55 
0.4081632653061224 55 
0.42857142857142855 55 
0.44897959183673464 55 
0.4693877551020408 55 
0.4897959183673469 55 
0.5102040816326531 55 
0.5306122448979591 55 
0.5510204081632653 55 
0.5714285714285714 55 
0.5918367346938775 55 
0.6122448979591836 55 
0.6326530612244897 55 
0.6530612244897959 55 
0.673469387755102 55 
0.6938775510204082 55 
0.7142857142857142 55 
0.7346938775510203 55 
0.7551020408163265 55 
0.7755102040816326 55 
0.7959183673469387 55 
0.8163265306122448 55 
0.836734693877551 55 
0.8571428571428571 55 
0.8775510204081632 55 
0.8979591836734693 55 
0.9183673469387754 55 
0.9387755102040816 55 
0.9591836734693877 55 
0.9795918367346939 55 
1.0 55 
0.14285714285714285 56 
0.16326530612244897 56 
0.18367346938775508 56 
0.2040816326530612 56 
0.22448979591836732 56 
0.24489795918367346 56 
0.26530612244897955 56 
0.2857142857142857 56 
0.3061224489795918 56 
0.32653061224489793 56 
0.3469387755102041 56 
0.36734693877551017 56 
0.3877551020408163 56 
0.4081632653061224 56 
0.42857142857142855 56 
0.44897959183673464 56 
0.4693877551020408 56 
0.4897959183673469 56 
0.5102040816326531 56 
0.5306122448979591 56 
0.5510204081632653 56 
0.5714285714285714 56 
0.5918367346938775 56 
0.6122448979591836 56 
0.6326530612244897 56 
0.6530612244897959 56 
0.673469387755102 56 
0.6938775510204082 56 
0.7142857142857142 56 
0.7346938775510203 56 
0.7551020408163265 56 
0.7755102040816326 56 
0.7959183673469387 56 
0.8163265306122448 56 
0.836734693877551 56 
0.8571428571428571 56 
0.8775510204081632 56 
0.8979591836734693 56 
0.9183673469387754 56 
0.9387755102040816 56 
0.9591836734693877 56 
0.9795918367346939 56 
1.0 56 
0.16326530612244897 57 
0.18367346938775508 57 
0.2040816326530612 57 
0.22448979591836732 57 
0.24489795918367346 57 
0.26530612244897955 57 
0.2857142857142857 57 
0.3061224489795918 57 
0.32653061224489793 57 
0.3469387755102041 57 
0.36734693877551017 57 
0.3877551020408163 57 
0.4081632653061224 57 
0.42857142857142855 57 
0.44897959183673464 57 
0.4693877551020408 57 
0.4897959183673469 57 
0.5102040816326531 57 
0.5306122448979591 57 
0.5510204081632653 57 
0.5714285714285714 57 
0.5918367346938775 57 
0.6122448979591836 57 
0.6326530612244897 57 
0.6530612244897959 57 
0.673469387755102 57 
0.6938775510204082 57 
0.7142857142857142 57 
0.7346938775510203 57 
0.7551020408163265 57 
0.7755102040816326 57 
0.7959183673469387 57 
0.8163265306122448 57 
0.836734693877551 57 
0.8571428571428571 57 
0.8775510204081632 57 
0.8979591836734693 57 
0.9183673469387754 57 
0.9387755102040816 57 
0.9591836734693877 57 
0.9795918367346939 57 
1.0 57 
0.16326530612244897 58 
0.18367346938775508 58 
0.2040816326530612 58 
0.22448979591836732 58 
0.24489795918367346 58 
0.26530612244897955 58 
0.2857142857142857 58 
0.3061224489795918 58 
0.32653061224489793 58 
0.3469387755102041 58 
0.36734693877551017 58 
0.3877551020408163 58 
0.4081632653061224 58 
0.42857142857142855 58 
0.44897959183673464 58 
0.4693877551020408 58 
0.4897959183673469 58 
0.5102040816326531 58 
0.5306122448979591 58 
0.5510204081632653 58 
0.5714285714285714 58 
0.5918367346938775 58 
0.6122448979591836 58 
0.6326530612244897 58 
0.6530612244897959 58 
0.673469387755102 58 
0.6938775510204082 58 
0.7142857142857142 58 
0.7346938775510203 58 
0.7551020408163265 58 
0.7755102040816326 58 
0.7959183673469387 58 
0.8163265306122448 58 
0.836734693877551 58 
0.8571428571428571 58 
0.8775510204081632 58 
0.8979591836734693 58 
0.9183673469387754 58 
0.9387755102040816 58 
0.9591836734693877 58 
0.9795918367346939 58 
1.0 58 
0.16326530612244897 59 
0.18367346938775508 59 
0.2040816326530612 59 
0.22448979591836732 59 
0.24489795918367346 59 
0.26530612244897955 59 
0.2857142857142857 59 
0.3061224489795918 59 
0.32653061224489793 59 
0.3469387755102041 59 
0.36734693877551017 59 
0.3877551020408163 59 
0.4081632653061224 59 
0.42857142857142855 59 
0.44897959183673464 59 
0.4693877551020408 59 
0.4897959183673469 59 
0.5102040816326531 59 
0.5306122448979591 59 
0.5510204081632653 59 
0.5714285714285714 59 
0.5918367346938775 59 
0.6122448979591836 59 
0.6326530612244897 59 
0.6530612244897959 59 
0.673469387755102 59 
0.6938775510204082 59 
0.7142857142857142 59 
0.7346938775510203 59 
0.7551020408163265 59 
0.7755102040816326 59 
0.7959183673469387 59 
0.8163265306122448 59 
0.836734693877551 59 
0.8571428571428571 59 
0.8775510204081632 59 
0.8979591836734693 59 
0.9183673469387754 59 
0.9387755102040816 59 
0.9591836734693877 59 
0.9795918367346939 59 
1.0 59 
0.16326530612244897 60 
0.18367346938775508 60 
0.2040816326530612 60 
0.22448979591836732 60 
0.24489795918367346 60 
0.26530612244897955 60 
0.2857142857142857 60 
0.3061224489795918 60 
0.32653061224489793 60 
0.3469387755102041 60 
0.36734693877551017 60 
0.3877551020408163 60 
0.4081632653061224 60 
0.42857142857142855 60 
0.44897959183673464 60 
0.4693877551020408 60 
0.4897959183673469 60 
0.5102040816326531 60 
0.5306122448979591 60 
0.5510204081632653 60 
0.5714285714285714 60 
0.5918367346938775 60 
0.6122448979591836 60 
0.6326530612244897 60 
0.6530612244897959 60 
0.673469387755102 60 
0.6938775510204082 60 
0.7142857142857142 60 
0.7346938775510203 60 
0.7551020408163265 60 
0.7755102040816326 60 
0.7959183673469387 60 
0.8163265306122448 60 
0.836734693877551 60 
0.8571428571428571 60 
0.8775510204081632 60 
0.8979591836734693 60 
0.9183673469387754 60 
0.9387755102040816 60 
0.9591836734693877 60 
0.9795918367346939 60 
1.0 60 
0.16326530612244897 61 
0.18367346938775508 61 
0.2040816326530612 61 
0.22448979591836732 61 
0.24489795918367346 61 
0.26530612244897955 61 
0.2857142857142857 61 
0.3061224489795918 61 
0.32653061224489793 61 
0.3469387755102041 61 
0.36734693877551017 61 
0.3877551020408163 61 
0.4081632653061224 61 
0.42857142857142855 61 
0.44897959183673464 61 
0.4693877551020408 61 
0.4897959183673469 61 
0.5102040816326531 61 
0.5306122448979591 61 
0.5510204081632653 61 
0.5714285714285714 61 
0.5918367346938775 61 
0.6122448979591836 61 
0.6326530612244897 61 
0.6530612244897959 61 
0.673469387755102 61 
0.6938775510204082 61 
0.7142857142857142 61 
0.7346938775510203 61 
0.7551020408163265 61 
0.7755102040816326 61 
0.7959183673469387 61 
0.8163265306122448 61 
0.836734693877551 61 
0.8571428571428571 61 
0.8775510204081632 61 
0.8979591836734693 61 
0.9183673469387754 61 
0.9387755102040816 61 
0.9591836734693877 61 
0.9795918367346939 61 
1.0 61 
0.16326530612244897 62 
0.18367346938775508 62 
0.2040816326530612 62 
0.22448979591836732 62 
0.24489795918367346 62 
0.26530612244897955 62 
0.2857142857142857 62 
0.3061224489795918 62 
0.32653061224489793 62 
0.3469387755102041 62 
0.36734693877551017 62 
0.3877551020408163 62 
0.4081632653061224 62 
0.42857142857142855 62 
0.44897959183673464 62 
0.4693877551020408 62 
0.4897959183673469 62 
0.5102040816326531 62 
0.5306122448979591 62 
0.5510204081632653 62 
0.5714285714285714 62 
0.5918367346938775 62 
0.6122448979591836 62 
0.6326530612244897 62 
0.6530612244897959 62 
0.673469387755102 62 
0.6938775510204082 62 
0.7142857142857142 62 
0.7346938775510203 62 
0.7551020408163265 62 
0.7755102040816326 62 
0.7959183673469387 62 
0.8163265306122448 62 
0.836734693877551 62 
0.8571428571428571 62 
0.8775510204081632 62 
0.8979591836734693 62 
0.9183673469387754 62 
0.9387755102040816 62 
0.9591836734693877 62 
0.9795918367346939 62 
1.0 62 
0.16326530612244897 63 
0.18367346938775508 63 
0.2040816326530612 63 
0.22448979591836732 63 
0.24489795918367346 63 
0.26530612244897955 63 
0.2857142857142857 63 
0.3061224489795918 63 
0.32653061224489793 63 
0.3469387755102041 63 
0.36734693877551017 63 
0.3877551020408163 63 
0.4081632653061224 63 
0.42857142857142855 63 
0.44897959183673464 63 
0.4693877551020408 63 
0.4897959183673469 63 
0.5102040816326531 63 
0.5306122448979591 63 
0.5510204081632653 63 
0.5714285714285714 63 
0.5918367346938775 63 
0.6122448979591836 63 
0.6326530612244897 63 
0.6530612244897959 63 
0.673469387755102 63 
0.6938775510204082 63 
0.7142857142857142 63 
0.7346938775510203 63 
0.7551020408163265 63 
0.7755102040816326 63 
0.7959183673469387 63 
0.8163265306122448 63 
0.836734693877551 63 
0.8571428571428571 63 
0.8775510204081632 63 
0.8979591836734693 63 
0.9183673469387754 63 
0.9387755102040816 63 
0.9591836734693877 63 
0.9795918367346939 63 
1.0 63 
0.16326530612244897 64 
0.18367346938775508 64 
0.2040816326530612 64 
0.22448979591836732 64 
0.24489795918367346 64 
0.26530612244897955 64 
0.2857142857142857 64 
0.3061224489795918 64 
0.32653061224489793 64 
0.3469387755102041 64 
0.36734693877551017 64 
0.3877551020408163 64 
0.4081632653061224 64 
0.42857142857142855 64 
0.44897959183673464 64 
0.4693877551020408 64 
0.4897959183673469 64 
0.5102040816326531 64 
0.5306122448979591 64 
0.5510204081632653 64 
0.5714285714285714 64 
0.5918367346938775 64 
0.6122448979591836 64 
0.6326530612244897 64 
0.6530612244897959 64 
0.673469387755102 64 
0.6938775510204082 64 
0.7142857142857142 64 
0.7346938775510203 64 
0.7551020408163265 64 
0.7755102040816326 64 
0.7959183673469387 64 
0.8163265306122448 64 
0.836734693877551 64 
0.8571428571428571 64 
0.8775510204081632 64 
0.8979591836734693 64 
0.9183673469387754 64 
0.9387755102040816 64 
0.9591836734693877 64 
0.9795918367346939 64 
1.0 64 
0.16326530612244897 65 
0.18367346938775508 65 
0.2040816326530612 65 
0.22448979591836732 65 
0.24489795918367346 65 
0.26530612244897955 65 
0.2857142857142857 65 
0.3061224489795918 65 
0.32653061224489793 65 
0.3469387755102041 65 
0.36734693877551017 65 
0.3877551020408163 65 
0.4081632653061224 65 
0.42857142857142855 65 
0.44897959183673464 65 
0.4693877551020408 65 
0.4897959183673469 65 
0.5102040816326531 65 
0.5306122448979591 65 
0.5510204081632653 65 
0.5714285714285714 65 
0.5918367346938775 65 
0.6122448979591836 65 
0.6326530612244897 65 
0.6530612244897959 65 
0.673469387755102 65 
0.6938775510204082 65 
0.7142857142857142 65 
0.7346938775510203 65 
0.7551020408163265 65 
0.7755102040816326 65 
0.7959183673469387 65 
0.8163265306122448 65 
0.836734693877551 65 
0.8571428571428571 65 
0.8775510204081632 65 
0.8979591836734693 65 
0.9183673469387754 65 
0.9387755102040816 65 
0.9591836734693877 65 
0.9795918367346939 65 
1.0 65 
0.16326530612244897 66 
0.18367346938775508 66 
0.2040816326530612 66 
0.22448979591836732 66 
0.24489795918367346 66 
0.26530612244897955 66 
0.2857142857142857 66 
0.3061224489795918 66 
0.32653061224489793 66 
0.3469387755102041 66 
0.36734693877551017 66 
0.3877551020408163 66 
0.4081632653061224 66 
0.42857142857142855 66 
0.44897959183673464 66 
0.4693877551020408 66 
0.4897959183673469 66 
0.5102040816326531 66 
0.5306122448979591 66 
0.5510204081632653 66 
0.5714285714285714 66 
0.5918367346938775 66 
0.6122448979591836 66 
0.6326530612244897 66 
0.6530612244897959 66 
0.673469387755102 66 
0.6938775510204082 66 
0.7142857142857142 66 
0.7346938775510203 66 
0.7551020408163265 66 
0.7755102040816326 66 
0.7959183673469387 66 
0.8163265306122448 66 
0.836734693877551 66 
0.8571428571428571 66 
0.8775510204081632 66 
0.8979591836734693 66 
0.9183673469387754 66 
0.9387755102040816 66 
0.9591836734693877 66 
0.9795918367346939 66 
1.0 66 
0.16326530612244897 67 
0.18367346938775508 67 
0.2040816326530612 67 
0.22448979591836732 67 
0.24489795918367346 67 
0.26530612244897955 67 
0.2857142857142857 67 
0.3061224489795918 67 
0.32653061224489793 67 
0.3469387755102041 67 
0.36734693877551017 67 
0.3877551020408163 67 
0.4081632653061224 67 
0.42857142857142855 67 
0.44897959183673464 67 
0.4693877551020408 67 
0.4897959183673469 67 
0.5102040816326531 67 
0.5306122448979591 67 
0.5510204081632653 67 
0.5714285714285714 67 
0.5918367346938775 67 
0.6122448979591836 67 
0.6326530612244897 67 
0.6530612244897959 67 
0.673469387755102 67 
0.6938775510204082 67 
0.7142857142857142 67 
0.7346938775510203 67 
0.7551020408163265 67 
0.7755102040816326 67 
0.7959183673469387 67 
0.8163265306122448 67 
0.836734693877551 67 
0.8571428571428571 67 
0.8775510204081632 67 
0.8979591836734693 67 
0.9183673469387754 67 
0.9387755102040816 67 
0.9591836734693877 67 
0.9795918367346939 67 
1.0 67 
0.16326530612244897 68 
0.18367346938775508 68 
0.2040816326530612 68 
0.22448979591836732 68 
0.24489795918367346 68 
0.26530612244897955 68 
0.2857142857142857 68 
0.3061224489795918 68 
0.32653061224489793 68 
0.3469387755102041 68 
0.36734693877551017 68 
0.3877551020408163 68 
0.4081632653061224 68 
0.42857142857142855 68 
0.44897959183673464 68 
0.4693877551020408 68 
0.4897959183673469 68 
0.5102040816326531 68 
0.5306122448979591 68 
0.5510204081632653 68 
0.5714285714285714 68 
0.5918367346938775 68 
0.6122448979591836 68 
0.6326530612244897 68 
0.6530612244897959 68 
0.673469387755102 68 
0.6938775510204082 68 
0.7142857142857142 68 
0.7346938775510203 68 
0.7551020408163265 68 
0.7755102040816326 68 
0.7959183673469387 68 
0.8163265306122448 68 
0.836734693877551 68 
0.8571428571428571 68 
0.8775510204081632 68 
0.8979591836734693 68 
0.9183673469387754 68 
0.9387755102040816 68 
0.9591836734693877 68 
0.9795918367346939 68 
1.0 68 
0.16326530612244897 69 
0.18367346938775508 69 
0.2040816326530612 69 
0.22448979591836732 69 
0.24489795918367346 69 
0.26530612244897955 69 
0.2857142857142857 69 
0.3061224489795918 69 
0.32653061224489793 69 
0.3469387755102041 69 
0.36734693877551017 69 
0.3877551020408163 69 
0.4081632653061224 69 
0.42857142857142855 69 
0.44897959183673464 69 
0.4693877551020408 69 
0.4897959183673469 69 
0.5102040816326531 69 
0.5306122448979591 69 
0.5510204081632653 69 
0.5714285714285714 69 
0.5918367346938775 69 
0.6122448979591836 69 
0.6326530612244897 69 
0.6530612244897959 69 
0.673469387755102 69 
0.6938775510204082 69 
0.7142857142857142 69 
0.7346938775510203 69 
0.7551020408163265 69 
0.7755102040816326 69 
0.7959183673469387 69 
0.8163265306122448 69 
0.836734693877551 69 
0.8571428571428571 69 
0.8775510204081632 69 
0.8979591836734693 69 
0.9183673469387754 69 
0.9387755102040816 69 
0.9591836734693877 69 
0.9795918367346939 69 
1.0 69 
0.16326530612244897 70 
0.18367346938775508 70 
0.2040816326530612 70 
0.22448979591836732 70 
0.24489795918367346 70 
0.26530612244897955 70 
0.2857142857142857 70 
0.3061224489795918 70 
0.32653061224489793 70 
0.3469387755102041 70 
0.36734693877551017 70 
0.3877551020408163 70 
0.4081632653061224 70 
0.42857142857142855 70 
0.44897959183673464 70 
0.4693877551020408 70 
0.4897959183673469 70 
0.5102040816326531 70 
0.5306122448979591 70 
0.5510204081632653 70 
0.5714285714285714 70 
0.5918367346938775 70 
0.6122448979591836 70 
0.6326530612244897 70 
0.6530612244897959 70 
0.673469387755102 70 
0.6938775510204082 70 
0.7142857142857142 70 
0.7346938775510203 70 
0.7551020408163265 70 
0.7755102040816326 70 
0.7959183673469387 70 
0.8163265306122448 70 
0.836734693877551 70 
0.8571428571428571 70 
0.8775510204081632 70 
0.8979591836734693 70 
0.9183673469387754 70 
0.9387755102040816 70 
0.9591836734693877 70 
0.9795918367346939 70 
1.0 70 
0.16326530612244897 71 
0.18367346938775508 71 
0.2040816326530612 71 
0.22448979591836732 71 
0.24489795918367346 71 
0.26530612244897955 71 
0.2857142857142857 71 
0.3061224489795918 71 
0.32653061224489793 71 
0.3469387755102041 71 
0.36734693877551017 71 
0.3877551020408163 71 
0.4081632653061224 71 
0.42857142857142855 71 
0.44897959183673464 71 
0.4693877551020408 71 
0.4897959183673469 71 
0.5102040816326531 71 
0.5306122448979591 71 
0.5510204081632653 71 
0.5714285714285714 71 
0.5918367346938775 71 
0.6122448979591836 71 
0.6326530612244897 71 
0.6530612244897959 71 
0.673469387755102 71 
0.6938775510204082 71 
0.7142857142857142 71 
0.7346938775510203 71 
0.7551020408163265 71 
0.7755102040816326 71 
0.7959183673469387 71 
0.8163265306122448 71 
0.836734693877551 71 
0.8571428571428571 71 
0.8775510204081632 71 
0.8979591836734693 71 
0.9183673469387754 71 
0.9387755102040816 71 
0.9591836734693877 71 
0.9795918367346939 71 
1.0 71 
0.16326530612244897 72 
0.18367346938775508 72 
0.2040816326530612 72 
0.22448979591836732 72 
0.24489795918367346 72 
0.26530612244897955 72 
0.2857142857142857 72 
0.3061224489795918 72 
0.32653061224489793 72 
0.3469387755102041 72 
0.36734693877551017 72 
0.3877551020408163 72 
0.4081632653061224 72 
0.42857142857142855 72 
0.44897959183673464 72 
0.4693877551020408 72 
0.4897959183673469 72 
0.5102040816326531 72 
0.5306122448979591 72 
0.5510204081632653 72 
0.5714285714285714 72 
0.5918367346938775 72 
0.6122448979591836 72 
0.6326530612244897 72 
0.6530612244897959 72 
0.673469387755102 72 
0.6938775510204082 72 
0.7142857142857142 72 
0.7346938775510203 72 
0.7551020408163265 72 
0.7755102040816326 72 
0.7959183673469387 72 
0.8163265306122448 72 
0.836734693877551 72 
0.8571428571428571 72 
0.8775510204081632 72 
0.8979591836734693 72 
0.9183673469387754 72 
0.9387755102040816 72 
0.9591836734693877 72 
0.9795918367346939 72 
1.0 72 
0.14285714285714285 73 
0.16326530612244897 73 
0.18367346938775508 73 
0.2040816326530612 73 
0.22448979591836732 73 
0.24489795918367346 73 
0.26530612244897955 73 
0.2857142857142857 73 
0.3061224489795918 73 
0.32653061224489793 73 
0.3469387755102041 73 
0.36734693877551017 73 
0.3877551020408163 73 
0.4081632653061224 73 
0.42857142857142855 73 
0.44897959183673464 73 
0.4693877551020408 73 
0.4897959183673469 73 
0.5102040816326531 73 
0.5306122448979591 73 
0.5510204081632653 73 
0.5714285714285714 73 
0.5918367346938775 73 
0.6122448979591836 73 
0.6326530612244897 73 
0.6530612244897959 73 
0.673469387755102 73 
0.6938775510204082 73 
0.7142857142857142 73 
0.7346938775510203 73 
0.7551020408163265 73 
0.7755102040816326 73 
0.7959183673469387 73 
0.8163265306122448 73 
0.836734693877551 73 
0.8571428571428571 73 
0.8775510204081632 73 
0.8979591836734693 73 
0.9183673469387754 73 
0.9387755102040816 73 
0.9591836734693877 73 
0.9795918367346939 73 
1.0 73 
0.14285714285714285 74 
0.16326530612244897 74 
0.18367346938775508 74 
0.2040816326530612 74 
0.22448979591836732 74 
0.24489795918367346 74 
0.26530612244897955 74 
0.2857142857142857 74 
0.3061224489795918 74 
0.32653061224489793 74 
0.3469387755102041 74 
0.36734693877551017 74 
0.3877551020408163 74 
0.4081632653061224 74 
0.42857142857142855 74 
0.44897959183673464 74 
0.4693877551020408 74 
0.4897959183673469 74 
0.5102040816326531 74 
0.5306122448979591 74 
0.5510204081632653 74 
0.5714285714285714 74 
0.5918367346938775 74 
0.6122448979591836 74 
0.6326530612244897 74 
0.6530612244897959 74 
0.673469387755102 74 
0.6938775510204082 74 
0.7142857142857142 74 
0.7346938775510203 74 
0.7551020408163265 74 
0.7755102040816326 74 
0.7959183673469387 74 
0.8163265306122448 74 
0.836734693877551 74 
0.8571428571428571 74 
0.8775510204081632 74 
0.8979591836734693 74 
0.9183673469387754 74 
0.9387755102040816 74 
0.9591836734693877 74 
0.9795918367346939 74 
1.0 74 
0.14285714285714285 75 
0.16326530612244897 75 
0.18367346938775508 75 
0.2040816326530612 75 
0.22448979591836732 75 
0.24489795918367346 75 
0.26530612244897955 75 
0.2857142857142857 75 
0.3061224489795918 75 
0.32653061224489793 75 
0.3469387755102041 75 
0.36734693877551017 75 
0.3877551020408163 75 
0.4081632653061224 75 
0.42857142857142855 75 
0.44897959183673464 75 
0.4693877551020408 75 
0.4897959183673469 75 
0.5102040816326531 75 
0.5306122448979591 75 
0.5510204081632653 75 
0.5714285714285714 75 
0.5918367346938775 75 
0.6122448979591836 75 
0.6326530612244897 75 
0.6530612244897959 75 
0.673469387755102 75 
0.6938775510204082 75 
0.7142857142857142 75 
0.7346938775510203 75 
0.7551020408163265 75 
0.7755102040816326 75 
0.7959183673469387 75 
0.8163265306122448 75 
0.836734693877551 75 
0.8571428571428571 75 
0.8775510204081632 75 
0.8979591836734693 75 
0.9183673469387754 75 
0.9387755102040816 75 
0.9591836734693877 75 
0.9795918367346939 75 
1.0 75 
0.14285714285714285 76 
0.16326530612244897 76 
0.18367346938775508 76 
0.2040816326530612 76 
0.22448979591836732 76 
0.24489795918367346 76 
0.26530612244897955 76 
0.2857142857142857 76 
0.3061224489795918 76 
0.32653061224489793 76 
0.3469387755102041 76 
0.36734693877551017 76 
0.3877551020408163 76 
0.4081632653061224 76 
0.42857142857142855 76 
0.44897959183673464 76 
0.4693877551020408 76 
0.4897959183673469 76 
0.5102040816326531 76 
0.5306122448979591 76 
0.5510204081632653 76 
0.5714285714285714 76 
0.5918367346938775 76 
0.6122448979591836 76 
0.6326530612244897 76 
0.6530612244897959 76 
0.673469387755102 76 
0.6938775510204082 76 
0.7142857142857142 76 
0.7346938775510203 76 
0.7551020408163265 76 
0.7755102040816326 76 
0.7959183673469387 76 
0.8163265306122448 76 
0.836734693877551 76 
0.8571428571428571 76 
0.8775510204081632 76 
0.8979591836734693 76 
0.9183673469387754 76 
0.9387755102040816 76 
0.9591836734693877 76 
0.9795918367346939 76 
1.0 76 
0.14285714285714285 77 
0.16326530612244897 77 
0.18367346938775508 77 
0.2040816326530612 77 
0.22448979591836732 77 
0.24489795918367346 77 
0.26530612244897955 77 
0.2857142857142857 77 
0.3061224489795918 77 
0.32653061224489793 77 
0.3469387755102041 77 
0.36734693877551017 77 
0.3877551020408163 77 
0.4081632653061224 77 
0.42857142857142855 77 
0.44897959183673464 77 
0.4693877551020408 77 
0.4897959183673469 77 
0.5102040816326531 77 
0.5306122448979591 77 
0.5510204081632653 77 
0.5714285714285714 77 
0.5918367346938775 77 
0.6122448979591836 77 
0.6326530612244897 77 
0.6530612244897959 77 
0.673469387755102 77 
0.6938775510204082 77 
0.7142857142857142 77 
0.7346938775510203 77 
0.7551020408163265 77 
0.7755102040816326 77 
0.7959183673469387 77 
0.8163265306122448 77 
0.836734693877551 77 
0.8571428571428571 77 
0.8775510204081632 77 
0.8979591836734693 77 
0.9183673469387754 77 
0.9387755102040816 77 
0.9591836734693877 77 
0.9795918367346939 77 
1.0 77 
0.14285714285714285 78 
0.16326530612244897 78 
0.18367346938775508 78 
0.2040816326530612 78 
0.22448979591836732 78 
0.24489795918367346 78 
0.26530612244897955 78 
0.2857142857142857 78 
0.3061224489795918 78 
0.32653061224489793 78 
0.3469387755102041 78 
0.36734693877551017 78 
0.3877551020408163 78 
0.4081632653061224 78 
0.42857142857142855 78 
0.44897959183673464 78 
0.4693877551020408 78 
0.4897959183673469 78 
0.5102040816326531 78 
0.5306122448979591 78 
0.5510204081632653 78 
0.5714285714285714 78 
0.5918367346938775 78 
0.6122448979591836 78 
0.6326530612244897 78 
0.6530612244897959 78 
0.673469387755102 78 
0.6938775510204082 78 
0.7142857142857142 78 
0.7346938775510203 78 
0.7551020408163265 78 
0.7755102040816326 78 
0.7959183673469387 78 
0.8163265306122448 78 
0.836734693877551 78 
0.8571428571428571 78 
0.8775510204081632 78 
0.8979591836734693 78 
0.9183673469387754 78 
0.9387755102040816 78 
0.9591836734693877 78 
0.9795918367346939 78 
1.0 78 
0.14285714285714285 79 
0.16326530612244897 79 
0.18367346938775508 79 
0.2040816326530612 79 
0.22448979591836732 79 
0.24489795918367346 79 
0.26530612244897955 79 
0.2857142857142857 79 
0.3061224489795918 79 
0.32653061224489793 79 
0.3469387755102041 79 
0.36734693877551017 79 
0.3877551020408163 79 
0.4081632653061224 79 
0.42857142857142855 79 
0.44897959183673464 79 
0.4693877551020408 79 
0.4897959183673469 79 
0.5102040816326531 79 
0.5306122448979591 79 
0.5510204081632653 79 
0.5714285714285714 79 
0.5918367346938775 79 
0.6122448979591836 79 
0.6326530612244897 79 
0.6530612244897959 79 
0.673469387755102 79 
0.6938775510204082 79 
0.7142857142857142 79 
0.7346938775510203 79 
0.7551020408163265 79 
0.7755102040816326 79 
0.7959183673469387 79 
0.8163265306122448 79 
0.836734693877551 79 
0.8571428571428571 79 
0.8775510204081632 79 
0.8979591836734693 79 
0.9183673469387754 79 
0.9387755102040816 79 
0.9591836734693877 79 
0.9795918367346939 79 
1.0 79 
0.14285714285714285 80 
0.16326530612244897 80 
0.18367346938775508 80 
0.2040816326530612 80 
0.22448979591836732 80 
0.24489795918367346 80 
0.26530612244897955 80 
0.2857142857142857 80 
0.3061224489795918 80 
0.32653061224489793 80 
0.3469387755102041 80 
0.36734693877551017 80 
0.3877551020408163 80 
0.4081632653061224 80 
0.42857142857142855 80 
0.44897959183673464 80 
0.4693877551020408 80 
0.4897959183673469 80 
0.5102040816326531 80 
0.5306122448979591 80 
0.5510204081632653 80 
0.5714285714285714 80 
0.5918367346938775 80 
0.6122448979591836 80 
0.6326530612244897 80 
0.6530612244897959 80 
0.673469387755102 80 
0.6938775510204082 80 
0.7142857142857142 80 
0.7346938775510203 80 
0.7551020408163265 80 
0.7755102040816326 80 
0.7959183673469387 80 
0.8163265306122448 80 
0.836734693877551 80 
0.8571428571428571 80 
0.8775510204081632 80 
0.8979591836734693 80 
0.9183673469387754 80 
0.9387755102040816 80 
0.9591836734693877 80 
0.9795918367346939 80 
1.0 80 
0.14285714285714285 81 
0.16326530612244897 81 
0.18367346938775508 81 
0.2040816326530612 81 
0.22448979591836732 81 
0.24489795918367346 81 
0.26530612244897955 81 
0.2857142857142857 81 
0.3061224489795918 81 
0.32653061224489793 81 
0.3469387755102041 81 
0.36734693877551017 81 
0.3877551020408163 81 
0.4081632653061224 81 
0.42857142857142855 81 
0.44897959183673464 81 
0.4693877551020408 81 
0.4897959183673469 81 
0.5102040816326531 81 
0.5306122448979591 81 
0.5510204081632653 81 
0.5714285714285714 81 
0.5918367346938775 81 
0.6122448979591836 81 
0.6326530612244897 81 
0.6530612244897959 81 
0.673469387755102 81 
0.6938775510204082 81 
0.7142857142857142 81 
0.7346938775510203 81 
0.7551020408163265 81 
0.7755102040816326 81 
0.7959183673469387 81 
0.8163265306122448 81 
0.836734693877551 81 
0.8571428571428571 81 
0.8775510204081632 81 
0.8979591836734693 81 
0.9183673469387754 81 
0.9387755102040816 81 
0.9591836734693877 81 
0.9795918367346939 81 
1.0 81 
0.14285714285714285 82 
0.16326530612244897 82 
0.18367346938775508 82 
0.2040816326530612 82 
0.22448979591836732 82 
0.24489795918367346 82 
0.26530612244897955 82 
0.2857142857142857 82 
0.3061224489795918 82 
0.32653061224489793 82 
0.3469387755102041 82 
0.36734693877551017 82 
0.3877551020408163 82 
0.4081632653061224 82 
0.42857142857142855 82 
0.44897959183673464 82 
0.4693877551020408 82 
0.4897959183673469 82 
0.5102040816326531 82 
0.5306122448979591 82 
0.5510204081632653 82 
0.5714285714285714 82 
0.5918367346938775 82 
0.6122448979591836 82 
0.6326530612244897 82 
0.6530612244897959 82 
0.673469387755102 82 
0.6938775510204082 82 
0.7142857142857142 82 
0.7346938775510203 82 
0.7551020408163265 82 
0.7755102040816326 82 
0.7959183673469387 82 
0.8163265306122448 82 
0.836734693877551 82 
0.8571428571428571 82 
0.8775510204081632 82 
0.8979591836734693 82 
0.9183673469387754 82 
0.9387755102040816 82 
0.9591836734693877 82 
0.9795918367346939 82 
1.0 82 
0.14285714285714285 83 
0.16326530612244897 83 
0.18367346938775508 83 
0.2040816326530612 83 
0.22448979591836732 83 
0.24489795918367346 83 
0.26530612244897955 83 
0.2857142857142857 83 
0.3061224489795918 83 
0.32653061224489793 83 
0.3469387755102041 83 
0.36734693877551017 83 
0.3877551020408163 83 
0.4081632653061224 83 
0.42857142857142855 83 
0.44897959183673464 83 
0.4693877551020408 83 
0.4897959183673469 83 
0.5102040816326531 83 
0.5306122448979591 83 
0.5510204081632653 83 
0.5714285714285714 83 
0.5918367346938775 83 
0.6122448979591836 83 
0.6326530612244897 83 
0.6530612244897959 83 
0.673469387755102 83 
0.6938775510204082 83 
0.7142857142857142 83 
0.7346938775510203 83 
0.7551020408163265 83 
0.7755102040816326 83 
0.7959183673469387 83 
0.8163265306122448 83 
0.836734693877551 83 
0.8571428571428571 83 
0.8775510204081632 83 
0.8979591836734693 83 
0.9183673469387754 83 
0.9387755102040816 83 
0.9591836734693877 83 
0.9795918367346939 83 
1.0 83 
0.14285714285714285 84 
0.16326530612244897 84 
0.18367346938775508 84 
0.2040816326530612 84 
0.22448979591836732 84 
0.24489795918367346 84 
0.26530612244897955 84 
0.2857142857142857 84 
0.3061224489795918 84 
0.32653061224489793 84 
0.3469387755102041 84 
0.36734693877551017 84 
0.3877551020408163 84 
0.4081632653061224 84 
0.42857142857142855 84 
0.44897959183673464 84 
0.4693877551020408 84 
0.4897959183673469 84 
0.5102040816326531 84 
0.5306122448979591 84 
0.5510204081632653 84 
0.5714285714285714 84 
0.5918367346938775 84 
0.6122448979591836 84 
0.6326530612244897 84 
0.6530612244897959 84 
0.673469387755102 84 
0.6938775510204082 84 
0.7142857142857142 84 
0.7346938775510203 84 
0.7551020408163265 84 
0.7755102040816326 84 
0.7959183673469387 84 
0.8163265306122448 84 
0.836734693877551 84 
0.8571428571428571 84 
0.8775510204081632 84 
0.8979591836734693 84 
0.9183673469387754 84 
0.9387755102040816 84 
0.9591836734693877 84 
0.9795918367346939 84 
1.0 84 
0.14285714285714285 85 
0.16326530612244897 85 
0.18367346938775508 85 
0.2040816326530612 85 
0.22448979591836732 85 
0.24489795918367346 85 
0.26530612244897955 85 
0.2857142857142857 85 
0.3061224489795918 85 
0.32653061224489793 85 
0.3469387755102041 85 
0.36734693877551017 85 
0.3877551020408163 85 
0.4081632653061224 85 
0.42857142857142855 85 
0.44897959183673464 85 
0.4693877551020408 85 
0.4897959183673469 85 
0.5102040816326531 85 
0.5306122448979591 85 
0.5510204081632653 85 
0.5714285714285714 85 
0.5918367346938775 85 
0.6122448979591836 85 
0.6326530612244897 85 
0.6530612244897959 85 
0.673469387755102 85 
0.6938775510204082 85 
0.7142857142857142 85 
0.7346938775510203 85 
0.7551020408163265 85 
0.7755102040816326 85 
0.7959183673469387 85 
0.8163265306122448 85 
0.836734693877551 85 
0.8571428571428571 85 
0.8775510204081632 85 
0.8979591836734693 85 
0.9183673469387754 85 
0.9387755102040816 85 
0.9591836734693877 85 
0.9795918367346939 85 
1.0 85 
0.14285714285714285 86 
0.16326530612244897 86 
0.18367346938775508 86 
0.2040816326530612 86 
0.22448979591836732 86 
0.24489795918367346 86 
0.26530612244897955 86 
0.2857142857142857 86 
0.3061224489795918 86 
0.32653061224489793 86 
0.3469387755102041 86 
0.36734693877551017 86 
0.3877551020408163 86 
0.4081632653061224 86 
0.42857142857142855 86 
0.44897959183673464 86 
0.4693877551020408 86 
0.4897959183673469 86 
0.5102040816326531 86 
0.5306122448979591 86 
0.5510204081632653 86 
0.5714285714285714 86 
0.5918367346938775 86 
0.6122448979591836 86 
0.6326530612244897 86 
0.6530612244897959 86 
0.673469387755102 86 
0.6938775510204082 86 
0.7142857142857142 86 
0.7346938775510203 86 
0.7551020408163265 86 
0.7755102040816326 86 
0.7959183673469387 86 
0.8163265306122448 86 
0.836734693877551 86 
0.8571428571428571 86 
0.8775510204081632 86 
0.8979591836734693 86 
0.9183673469387754 86 
0.9387755102040816 86 
0.9591836734693877 86 
0.9795918367346939 86 
1.0 86 
0.14285714285714285 87 
0.16326530612244897 87 
0.18367346938775508 87 
0.2040816326530612 87 
0.22448979591836732 87 
0.24489795918367346 87 
0.26530612244897955 87 
0.2857142857142857 87 
0.3061224489795918 87 
0.32653061224489793 87 
0.3469387755102041 87 
0.36734693877551017 87 
0.3877551020408163 87 
0.4081632653061224 87 
0.42857142857142855 87 
0.44897959183673464 87 
0.4693877551020408 87 
0.4897959183673469 87 
0.5102040816326531 87 
0.5306122448979591 87 
0.5510204081632653 87 
0.5714285714285714 87 
0.5918367346938775 87 
0.6122448979591836 87 
0.6326530612244897 87 
0.6530612244897959 87 
0.673469387755102 87 
0.6938775510204082 87 
0.7142857142857142 87 
0.7346938775510203 87 
0.7551020408163265 87 
0.7755102040816326 87 
0.7959183673469387 87 
0.8163265306122448 87 
0.836734693877551 87 
0.8571428571428571 87 
0.8775510204081632 87 
0.8979591836734693 87 
0.9183673469387754 87 
0.9387755102040816 87 
0.9591836734693877 87 
0.9795918367346939 87 
1.0 87 
0.14285714285714285 88 
0.16326530612244897 88 
0.18367346938775508 88 
0.2040816326530612 88 
0.22448979591836732 88 
0.24489795918367346 88 
0.26530612244897955 88 
0.2857142857142857 88 
0.3061224489795918 88 
0.32653061224489793 88 
0.3469387755102041 88 
0.36734693877551017 88 
0.3877551020408163 88 
0.4081632653061224 88 
0.42857142857142855 88 
0.44897959183673464 88 
0.4693877551020408 88 
0.4897959183673469 88 
0.5102040816326531 88 
0.5306122448979591 88 
0.5510204081632653 88 
0.5714285714285714 88 
0.5918367346938775 88 
0.6122448979591836 88 
0.6326530612244897 88 
0.6530612244897959 88 
0.673469387755102 88 
0.6938775510204082 88 
0.7142857142857142 88 
0.7346938775510203 88 
0.7551020408163265 88 
0.7755102040816326 88 
0.7959183673469387 88 
0.8163265306122448 88 
0.836734693877551 88 
0.8571428571428571 88 
0.8775510204081632 88 
0.8979591836734693 88 
0.9183673469387754 88 
0.9387755102040816 88 
0.9591836734693877 88 
0.9795918367346939 88 
1.0 88 
0.14285714285714285 89 
0.16326530612244897 89 
0.18367346938775508 89 
0.2040816326530612 89 
0.22448979591836732 89 
0.24489795918367346 89 
0.26530612244897955 89 
0.2857142857142857 89 
0.3061224489795918 89 
0.32653061224489793 89 
0.3469387755102041 89 
0.36734693877551017 89 
0.3877551020408163 89 
0.4081632653061224 89 
0.42857142857142855 89 
0.44897959183673464 89 
0.4693877551020408 89 
0.4897959183673469 89 
0.5102040816326531 89 
0.5306122448979591 89 
0.5510204081632653 89 
0.5714285714285714 89 
0.5918367346938775 89 
0.6122448979591836 89 
0.6326530612244897 89 
0.6530612244897959 89 
0.673469387755102 89 
0.6938775510204082 89 
0.7142857142857142 89 
0.7346938775510203 89 
0.7551020408163265 89 
0.7755102040816326 89 
0.7959183673469387 89 
0.8163265306122448 89 
0.836734693877551 89 
0.8571428571428571 89 
0.8775510204081632 89 
0.8979591836734693 89 
0.9183673469387754 89 
0.9387755102040816 89 
0.9591836734693877 89 
0.9795918367346939 89 
1.0 89 
0.14285714285714285 90 
0.16326530612244897 90 
0.18367346938775508 90 
0.2040816326530612 90 
0.22448979591836732 90 
0.24489795918367346 90 
0.26530612244897955 90 
0.2857142857142857 90 
0.3061224489795918 90 
0.32653061224489793 90 
0.3469387755102041 90 
0.36734693877551017 90 
0.3877551020408163 90 
0.4081632653061224 90 
0.42857142857142855 90 
0.44897959183673464 90 
0.4693877551020408 90 
0.4897959183673469 90 
0.5102040816326531 90 
0.5306122448979591 90 
0.5510204081632653 90 
0.5714285714285714 90 
0.5918367346938775 90 
0.6122448979591836 90 
0.6326530612244897 90 
0.6530612244897959 90 
0.673469387755102 90 
0.6938775510204082 90 
0.7142857142857142 90 
0.7346938775510203 90 
0.7551020408163265 90 
0.7755102040816326 90 
0.7959183673469387 90 
0.8163265306122448 90 
0.836734693877551 90 
0.8571428571428571 90 
0.8775510204081632 90 
0.8979591836734693 90 
0.9183673469387754 90 
0.9387755102040816 90 
0.9591836734693877 90 
0.9795918367346939 90 
1.0 90 
0.14285714285714285 91 
0.16326530612244897 91 
0.18367346938775508 91 
0.2040816326530612 91 
0.22448979591836732 91 
0.24489795918367346 91 
0.26530612244897955 91 
0.2857142857142857 91 
0.3061224489795918 91 
0.32653061224489793 91 
0.3469387755102041 91 
0.36734693877551017 91 
0.3877551020408163 91 
0.4081632653061224 91 
0.42857142857142855 91 
0.44897959183673464 91 
0.4693877551020408 91 
0.4897959183673469 91 
0.5102040816326531 91 
0.5306122448979591 91 
0.5510204081632653 91 
0.5714285714285714 91 
0.5918367346938775 91 
0.6122448979591836 91 
0.6326530612244897 91 
0.6530612244897959 91 
0.673469387755102 91 
0.6938775510204082 91 
0.7142857142857142 91 
0.7346938775510203 91 
0.7551020408163265 91 
0.7755102040816326 91 
0.7959183673469387 91 
0.8163265306122448 91 
0.836734693877551 91 
0.8571428571428571 91 
0.8775510204081632 91 
0.8979591836734693 91 
0.9183673469387754 91 
0.9387755102040816 91 
0.9591836734693877 91 
0.9795918367346939 91 
1.0 91 
0.16326530612244897 92 
0.18367346938775508 92 
0.2040816326530612 92 
0.22448979591836732 92 
0.24489795918367346 92 
0.26530612244897955 92 
0.2857142857142857 92 
0.3061224489795918 92 
0.32653061224489793 92 
0.3469387755102041 92 
0.36734693877551017 92 
0.3877551020408163 92 
0.4081632653061224 92 
0.42857142857142855 92 
0.44897959183673464 92 
0.4693877551020408 92 
0.4897959183673469 92 
0.5102040816326531 92 
0.5306122448979591 92 
0.5510204081632653 92 
0.5714285714285714 92 
0.5918367346938775 92 
0.6122448979591836 92 
0.6326530612244897 92 
0.6530612244897959 92 
0.673469387755102 92 
0.6938775510204082 92 
0.7142857142857142 92 
0.7346938775510203 92 
0.7551020408163265 92 
0.7755102040816326 92 
0.7959183673469387 92 
0.8163265306122448 92 
0.836734693877551 92 
0.8571428571428571 92 
0.8775510204081632 92 
0.8979591836734693 92 
0.9183673469387754 92 
0.9387755102040816 92 
0.9591836734693877 92 
0.9795918367346939 92 
1.0 92 
0.16326530612244897 93 
0.18367346938775508 93 
0.2040816326530612 93 
0.22448979591836732 93 
0.24489795918367346 93 
0.26530612244897955 93 
0.2857142857142857 93 
0.3061224489795918 93 
0.32653061224489793 93 
0.3469387755102041 93 
0.36734693877551017 93 
0.3877551020408163 93 
0.4081632653061224 93 
0.42857142857142855 93 
0.44897959183673464 93 
0.4693877551020408 93 
0.4897959183673469 93 
0.5102040816326531 93 
0.5306122448979591 93 
0.5510204081632653 93 
0.5714285714285714 93 
0.5918367346938775 93 
0.6122448979591836 93 
0.6326530612244897 93 
0.6530612244897959 93 
0.673469387755102 93 
0.6938775510204082 93 
0.7142857142857142 93 
0.7346938775510203 93 
0.7551020408163265 93 
0.7755102040816326 93 
0.7959183673469387 93 
0.8163265306122448 93 
0.836734693877551 93 
0.8571428571428571 93 
0.8775510204081632 93 
0.8979591836734693 93 
0.9183673469387754 93 
0.9387755102040816 93 
0.9591836734693877 93 
0.9795918367346939 93 
1.0 93 
0.16326530612244897 94 
0.18367346938775508 94 
0.2040816326530612 94 
0.22448979591836732 94 
0.24489795918367346 94 
0.26530612244897955 94 
0.2857142857142857 94 
0.3061224489795918 94 
0.32653061224489793 94 
0.3469387755102041 94 
0.36734693877551017 94 
0.3877551020408163 94 
0.4081632653061224 94 
0.42857142857142855 94 
0.44897959183673464 94 
0.4693877551020408 94 
0.4897959183673469 94 
0.5102040816326531 94 
0.5306122448979591 94 
0.5510204081632653 94 
0.5714285714285714 94 
0.5918367346938775 94 
0.6122448979591836 94 
0.6326530612244897 94 
0.6530612244897959 94 
0.673469387755102 94 
0.6938775510204082 94 
0.7142857142857142 94 
0.7346938775510203 94 
0.7551020408163265 94 
0.7755102040816326 94 
0.7959183673469387 94 
0.8163265306122448 94 
0.836734693877551 94 
0.8571428571428571 94 
0.8775510204081632 94 
0.8979591836734693 94 
0.9183673469387754 94 
0.9387755102040816 94 
0.9591836734693877 94 
0.9795918367346939 94 
1.0 94 
0.16326530612244897 95 
0.18367346938775508 95 
0.2040816326530612 95 
0.22448979591836732 95 
0.24489795918367346 95 
0.26530612244897955 95 
0.2857142857142857 95 
0.3061224489795918 95 
0.32653061224489793 95 
0.3469387755102041 95 
0.36734693877551017 95 
0.3877551020408163 95 
0.4081632653061224 95 
0.42857142857142855 95 
0.44897959183673464 95 
0.4693877551020408 95 
0.4897959183673469 95 
0.5102040816326531 95 
0.5306122448979591 95 
0.5510204081632653 95 
0.5714285714285714 95 
0.5918367346938775 95 
0.6122448979591836 95 
0.6326530612244897 95 
0.6530612244897959 95 
0.673469387755102 95 
0.6938775510204082 95 
0.7142857142857142 95 
0.7346938775510203 95 
0.7551020408163265 95 
0.7755102040816326 95 
0.7959183673469387 95 
0.8163265306122448 95 
0.836734693877551 95 
0.8571428571428571 95 
0.8775510204081632 95 
0.8979591836734693 95 
0.9183673469387754 95 
0.9387755102040816 95 
0.9591836734693877 95 
0.9795918367346939 95 
1.0 95 
0.16326530612244897 96 
0.18367346938775508 96 
0.2040816326530612 96 
0.22448979591836732 96 
0.24489795918367346 96 
0.26530612244897955 96 
0.2857142857142857 96 
0.3061224489795918 96 
0.32653061224489793 96 
0.3469387755102041 96 
0.36734693877551017 96 
0.3877551020408163 96 
0.4081632653061224 96 
0.42857142857142855 96 
0.44897959183673464 96 
0.4693877551020408 96 
0.4897959183673469 96 
0.5102040816326531 96 
0.5306122448979591 96 
0.5510204081632653 96 
0.5714285714285714 96 
0.5918367346938775 96 
0.6122448979591836 96 
0.6326530612244897 96 
0.6530612244897959 96 
0.673469387755102 96 
0.6938775510204082 96 
0.7142857142857142 96 
0.7346938775510203 96 
0.7551020408163265 96 
0.7755102040816326 96 
0.7959183673469387 96 
0.8163265306122448 96 
0.836734693877551 96 
0.8571428571428571 96 
0.8775510204081632 96 
0.8979591836734693 96 
0.9183673469387754 96 
0.9387755102040816 96 
0.9591836734693877 96 
0.9795918367346939 96 
1.0 96 
0.16326530612244897 97 
0.18367346938775508 97 
0.2040816326530612 97 
0.22448979591836732 97 
0.24489795918367346 97 
0.26530612244897955 97 
0.2857142857142857 97 
0.3061224489795918 97 
0.32653061224489793 97 
0.3469387755102041 97 
0.36734693877551017 97 
0.3877551020408163 97 
0.4081632653061224 97 
0.42857142857142855 97 
0.44897959183673464 97 
0.4693877551020408 97 
0.4897959183673469 97 
0.5102040816326531 97 
0.5306122448979591 97 
0.5510204081632653 97 
0.5714285714285714 97 
0.5918367346938775 97 
0.6122448979591836 97 
0.6326530612244897 97 
0.6530612244897959 97 
0.673469387755102 97 
0.6938775510204082 97 
0.7142857142857142 97 
0.7346938775510203 97 
0.7551020408163265 97 
0.7755102040816326 97 
0.7959183673469387 97 
0.8163265306122448 97 
0.836734693877551 97 
0.8571428571428571 97 
0.8775510204081632 97 
0.8979591836734693 97 
0.9183673469387754 97 
0.9387755102040816 97 
0.9591836734693877 97 
0.9795918367346939 97 
1.0 97 
0.16326530612244897 98 
0.18367346938775508 98 
0.2040816326530612 98 
0.22448979591836732 98 
0.24489795918367346 98 
0.26530612244897955 98 
0.2857142857142857 98 
0.3061224489795918 98 
0.32653061224489793 98 
0.3469387755102041 98 
0.36734693877551017 98 
0.3877551020408163 98 
0.4081632653061224 98 
0.42857142857142855 98 
0.44897959183673464 98 
0.4693877551020408 98 
0.4897959183673469 98 
0.5102040816326531 98 
0.5306122448979591 98 
0.5510204081632653 98 
0.5714285714285714 98 
0.5918367346938775 98 
0.6122448979591836 98 
0.6326530612244897 98 
0.6530612244897959 98 
0.673469387755102 98 
0.6938775510204082 98 
0.7142857142857142 98 
0.7346938775510203 98 
0.7551020408163265 98 
0.7755102040816326 98 
0.7959183673469387 98 
0.8163265306122448 98 
0.836734693877551 98 
0.8571428571428571 98 
0.8775510204081632 98 
0.8979591836734693 98 
0.9183673469387754 98 
0.9387755102040816 98 
0.9591836734693877 98 
0.9795918367346939 98 
1.0 98 
0.16326530612244897 99 
0.18367346938775508 99 
0.2040816326530612 99 
0.22448979591836732 99 
0.24489795918367346 99 
0.26530612244897955 99 
0.2857142857142857 99 
0.3061224489795918 99 
0.32653061224489793 99 
0.3469387755102041 99 
0.36734693877551017 99 
0.3877551020408163 99 
0.4081632653061224 99 
0.42857142857142855 99 
0.44897959183673464 99 
0.4693877551020408 99 
0.4897959183673469 99 
0.5102040816326531 99 
0.5306122448979591 99 
0.5510204081632653 99 
0.5714285714285714 99 
0.5918367346938775 99 
0.6122448979591836 99 
0.6326530612244897 99 
0.6530612244897959 99 
0.673469387755102 99 
0.6938775510204082 99 
0.7142857142857142 99 
0.7346938775510203 99 
0.7551020408163265 99 
0.7755102040816326 99 
0.7959183673469387 99 
0.8163265306122448 99 
0.836734693877551 99 
0.8571428571428571 99 
0.8775510204081632 99 
0.8979591836734693 99 
0.9183673469387754 99 
0.9387755102040816 99 
0.9591836734693877 99 
0.9795918367346939 99 
1.0 99 
0.16326530612244897 100 
0.18367346938775508 100 
0.2040816326530612 100 
0.22448979591836732 100 
0.24489795918367346 100 
0.26530612244897955 100 
0.2857142857142857 100 
0.3061224489795918 100 
0.32653061224489793 100 
0.3469387755102041 100 
0.36734693877551017 100 
0.3877551020408163 100 
0.4081632653061224 100 
0.42857142857142855 100 
0.44897959183673464 100 
0.4693877551020408 100 
0.4897959183673469 100 
0.5102040816326531 100 
0.5306122448979591 100 
0.5510204081632653 100 
0.5714285714285714 100 
0.5918367346938775 100 
0.6122448979591836 100 
0.6326530612244897 100 
0.6530612244897959 100 
0.673469387755102 100 
0.6938775510204082 100 
0.7142857142857142 100 
0.7346938775510203 100 
0.7551020408163265 100 
0.7755102040816326 100 
0.7959183673469387 100 
0.8163265306122448 100 
0.836734693877551 100 
0.8571428571428571 100 
0.8775510204081632 100 
0.8979591836734693 100 
0.9183673469387754 100 
0.9387755102040816 100 
0.9591836734693877 100 
0.9795918367346939 100 
1.0 100 
