#Sensitivity curve for EPTA Calculated by PLI
3.963723997970573e-09 1
4.078422974787554e-09 6.078461460775187e-10
4.1964410160221385e-09 5.74137548242064e-10
4.317874166023769e-09 5.438904960510651e-10
4.442821248394028e-09 5.355437480046142e-10
4.5713839464104506e-09 5.446059227198813e-10
4.703666885777397e-09 5.652646861099337e-10
4.839777719771613e-09 5.950100864238897e-10
4.979827216851543e-09 6.328061090078022e-10
5.123929350802007e-09 6.782839802443251e-10
5.272201393487218e-09 7.315470722702172e-10
5.424764010287921e-09 7.931913471387341e-10
5.581741358300089e-09 8.63295053130593e-10
5.743261187375433e-09 9.404285993366892e-10
5.909454944085518e-09 1.0244538611025506e-09
6.080457878694435e-09 1.115986598310794e-09
6.256409155226828e-09 1.2156975876579885e-09
6.4374519647212136e-09 1.3243175382880919e-09
6.623733641760289e-09 1.4426424466269742e-09
6.815405784373452e-09 1.5715394296599137e-09
7.012624377408792e-09 1.711953079399707e-09
7.215549919475402e-09 1.8649123851129657e-09
7.424347553558759e-09 2.0315382740321657e-09
7.639187201415918e-09 2.213051825814133e-09
7.860243701859542e-09 2.41078322094249e-09
8.087696953043784e-09 2.6261814886507604e-09
8.32173205886722e-09 2.8608251258010777e-09
8.562539479612455e-09 3.1164336645368982e-09
8.810315186944599e-09 3.394880273480255e-09
9.065260823395334e-09 3.6982054848191463e-09
9.32758386646162e-09 4.0286321478800596e-09
9.597497797453197e-09 4.388581718770178e-09
9.8752222752258e-09 4.780692005463532e-09
1.0160983314942135e-08 5.207836498372788e-09
1.045501347200531e-08 5.67314542806533e-09
1.0757552031314875e-08 6.180028704440814e-09
1.1068845201999587e-08 6.7322009054749735e-09
1.1389146317784877e-08 7.333708498653117e-09
1.1718716043158729e-08 7.988959494580428e-09
1.205782258550306e-08 8.702755750077609e-09
1.2406741913363953e-08 9.48032815748892e-09
1.2765757981037636e-08 1.0327374978078093e-08
1.3135162959655727e-08 1.1250103600431067e-08
1.3515257474957044e-08 1.225527602988081e-08
1.3906350851940265e-08 1.3350258442314893e-08
1.4308761366595716e-08 1.4543075165507506e-08
1.472281650492202e-08 1.5842467483567963e-08
1.5148853229437484e-08 1.7257957695438224e-08
1.558721825340405e-08 1.879991889688006e-08
1.6038268322986038e-08 2.0479650997330318e-08
1.650237050757424e-08 2.2309463528699533e-08
1.6979902498510695e-08 2.4302765852955826e-08
1.747125291645821e-08 2.6474165429563265e-08
1.7976821627663747e-08 2.883957486290118e-08
1.8497020069374185e-08 3.141632851414145e-08
1.9032271584668047e-08 3.422330953214211e-08
1.958301176697695e-08 3.728108823427942e-08
2.014968881457592e-08 4.061207285130507e-08
2.0732763895332276e-08 4.424067374093377e-08
2.1332711522008658e-08 4.819348227355597e-08
2.195001993842695e-08 5.249946570100644e-08
2.2585191516806007e-08 5.719017943643127e-08
2.3238743166597902e-08 6.229999830090692e-08
2.3911206755154044e-08 6.786636843143959e-08
2.4603129540564903e-08 7.393008169640476e-08
2.531507461702413e-08 8.053557462940724e-08
2.6047621373081076e-08 8.773125407224156e-08
2.680136596315299e-08 9.556985191333955e-08
2.7576921792682308e-08 1.0410881152133908e-07
2.837492001733217e-08 1.1341070870564765e-07
2.919601005662811e-08 1.23543710288932e-07
3.004086012246218e-08 1.345820736520572e-07
3.091015776289146e-08 1.4660669091229726e-07
3.1804610421671524e-08 1.5970568172268014e-07
3.2724946013982297e-08 1.739750390366851e-07
3.3671913518812737e-08 1.895193325706059e-07
3.4646283588488474e-08 2.0645247511876914e-07
3.5648849175836435e-08 2.2489855733734465e-07
3.668042617949893e-08 2.449927571143027e-07
3.7741854107920145e-08 2.668823301895888e-07
3.88339967625477e-08 2.9072768928509233e-07
3.9957742940802985e-08 3.167035796525206e-07
4.1114007159394626e-08 3.4500035965395804e-07
4.2303730398561394e-08 3.7582539575950244e-07
4.352788086785267e-08 4.094045821849541e-07
4.47874547940671e-08 4.4598399630581057e-07
4.608347723199337e-08 4.858317019789632e-07
4.741700289861006e-08 5.292397139872423e-07
4.878911703142642e-08 5.76526138002884e-07
5.0200936271659533e-08 6.280375017520526e-07
5.16536095729697e-08 6.841512944639273e-07
5.3148319136490485e-08 7.452787332140152e-07
5.468628137291751e-08 8.118677764343203e-07
5.626874789243569e-08 8.844064066740608e-07
5.7897006523293925e-08 9.634262066680347e-07
5.9572382359852665e-08 1.049506254918875e-06
6.129623884096083e-08 1.1432773693412483e-06
6.306997885953609e-08 1.2454267300663906e-06
6.48950459042551e-08 1.3567029152843303e-06
6.677292523427911e-08 1.477921387027617e-06
6.87051450879749e-08 1.6099704670980855e-06
7.06932779266104e-08 1.753817846929619e-06
7.273894171404182e-08 1.9105176790932215e-06
7.484380123342873e-08 2.0812183024125705e-06
7.700956944205365e-08 2.267170657302111e-06
7.923800886534405e-08 2.4697374529972387e-06
8.153093303123548e-08 2.690403153856857e-06
8.389020794603895e-08 2.9307848579202674e-06
8.63177536130182e-08 3.1926441474398383e-06
8.88155455949076e-08 3.477899998232862e-06
9.138561662164769e-08 3.788642842456383e-06
9.403005824464127e-08 4.127149887860243e-06
9.675102253888181e-08 4.495901805782587e-06
9.95507238543337e-08 4.897600910181308e-06
1.0243144061799559e-07 5.335190960923057e-06
1.0539551718810714e-07 5.811878736452861e-06
1.084453657620146e-07 6.331157533935598e-06
1.1158346833924119e-07 6.8968327690837635e-06
1.1481237874136676e-07 7.513049863275093e-06
1.1813472469035336e-07 8.184324622323171e-06
1.215532099470155e-07 8.915576329526234e-06
1.2507061651136777e-07 9.712163795507534e-06
1.286898068866484e-07 1.0579924629031838e-05
1.32413726408853e-07 1.152521801658354e-05
1.3624540564368276e-07 1.2554971324208562e-05
1.401879628528492e-07 1.3676730863128987e-05
1.4424460653175133e-07 1.4898717191156749e-05
1.4841863802058122e-07 1.6229885355167777e-05
1.5271345419099265e-07 1.7679990516112336e-05
1.5713255021050914e-07 1.925965943747658e-05
1.6167952238693147e-07 2.0980468361085313e-05
1.6635807109504888e-07 2.2855027840937344e-05
1.7117200378804658e-07 2.4897075156762757e-05
1.7612523809604926e-07 2.712157498452943e-05
1.8122180501433332e-07 2.95448290616439e-05
1.8646585218379137e-07 3.2184595650498416e-05
1.9186164726632973e-07 3.506021967583023e-05
1.974135814179346e-07 3.819277448956951e-05
2.03126172862245e-07 4.1605216302073236e-05
2.090040705675286e-07 4.532255241145221e-05
2.1505205803006518e-07 4.937202446382872e-05
2.21275057167004e-07 5.378330808749753e-05
2.2767813232187624e-07 5.8588730363972055e-05
2.3426649438600862e-07 6.382350672959354e-05
2.410455050392064e-07 6.95259990437918e-05
2.4802068111314216e-07 7.573799671518128e-05
2.551976990810167e-07 8.250502294567254e-05
2.6258239967712966e-07 8.987666833682527e-05
2.701807926501361e-07 9.790695430321586e-05
2.779990616538402e-07 0.0001066547289559948
2.8604356927952364e-07 0.00011618409835779315
2.94320862233886e-07 0.0001265648963093121
3.028376766668296e-07 0.00013787319611033983
3.1160094365340624e-07 0.00015019186804549604
3.20617794834405e-07 0.0001636111866801363
3.2989556822015326e-07 0.0001782294924168164
3.3944181416227345e-07 0.00019415391216041374
3.492643014982349e-07 0.00021150114437309988
3.59371023873723e-07 0.00023039831427229795
3.697702062479477e-07 0.00025098390543870614
3.804703115872099e-07 0.000273408774661507
3.9148004775214834e-07 0.00029783725745777685
4.0280837458429516e-07 0.00032444837236768846
4.1446451119768915e-07 0.00035343713285086937
4.2645794348148807e-07 0.0003850159763978634
4.387984318196884e-07 0.000419416321329618
4.5149601903423283e-07 0.0004568902626936435
4.6456103855796483e-07 0.0004977124196848144
4.780041228440852e-07 0.0005421819481292245
4.918362120189588e-07 0.0005906247327791336
5.060685627853083e-07 0.0006433957754847278
5.207127575830386e-07 0.0007008817967438523
5.357807140151481e-07 0.000763504069694581
5.512846945464043e-07 0.0008317215073189115
5.672373164826717e-07 0.000906034025481439
5.836515622390081e-07 0.000986986206448242
6.005407899048918e-07 0.0010751712897332552
6.179187441151799e-07 0.0011712355195181597
6.357995672356426e-07 0.0012758828805048425
6.5419781087217e-07 0.0013898802569060117
6.731284477130224e-07 0.0015140630523804482
6.926068837137673e-07 0.0016493413120973654
7.126489706348145e-07 0.001796706391793984
7.332710189417463e-07 0.001957238222698934
7.544898110789465e-07 0.0021321132255608583
7.763226151273364e-07 0.002322612931778392
7.987871988573284e-07 0.0025301333748094772
8.219018441884247e-07 0.002756195320682746
8.456853620672367e-07 0.0030024554125829424
8.701571077760382e-07 0.003270718311181039
8.953369966843064e-07 0.0035629499196765946
9.212455204560589e-07 0.003881291790468978
9.479037637261871e-07 0.004228076819033501
9.75333421259362e-07 0.00460584634001153
1.0035568156054697e-06 0.005017368750799301
1.03259691526594e-06 0.005465659799114028
1.0624773533857544e-06 0.005954004683210128
1.093222446986357e-06 0.00648598212670213
1.124857216755113e-06 0.007065490604420947
1.1574074074074076e-06 1
