#Sensitivity curve for B_DECIGO Calculated by PLI
0.01 1
0.010473708979594498 8.874980934780577e-12
0.010969857978923836 8.090333486387791e-12
0.011489510001873092 7.375057636964472e-12
0.012033778407775893 6.7230201622792416e-12
0.012603829296797275 6.128630083631018e-12
0.01320088400831418 5.586790727287289e-12
0.013826221737646556 5.092856022403461e-12
0.014481182276745337 4.642590662694321e-12
0.015167168884709226 4.2321337902587595e-12
0.015885651294280528 3.857965890159991e-12
0.01663816886076129 3.516878611894721e-12
0.0174263338600965 3.2059472589815018e-12
0.018251834943190434 2.9225057107767685e-12
0.019116440753857017 2.664123561482492e-12
0.020022003718155844 2.428585280320873e-12
0.02097046401323233 2.2138712141824103e-12
0.02196385372416546 2.0181402698520595e-12
0.02300430119772918 1.8397141273200344e-12
0.024094035602395245 1.677062848812301e-12
0.02523539170434766 1.528791760143483e-12
0.026430814869741057 1.399153444627681e-12
0.027682866303920667 1.2814905639510428e-12
0.028994228538828767 1.1737226333546014e-12
0.030367711180354574 1.0794234900673007e-12
0.031806256927941194 9.933287446877393e-13
0.03331294787934674 9.141009104419256e-13
0.034891012134067735 8.429119913549806e-13
0.03654383070957257 7.79353414059444e-13
0.03827494478516311 7.205873806940737e-13
0.04008806328898465 6.662525163146854e-13
0.0419870708444391 6.176975994914498e-13
0.043976036093027214 5.738246431700507e-13
0.04605922041145106 5.330678334840998e-13
0.04824108704165369 4.952058411531513e-13
0.0505263106533568 4.60909140008416e-13
0.05291978735958442 4.301992746912959e-13
0.05542664520663107 4.0153557367410354e-13
0.05805225516094899 3.7478170329665994e-13
0.06080224261649424 3.4991470560649843e-13
0.06368249944718586 3.2814638158266464e-13
0.06669919663030122 3.0773227309540053e-13
0.0698587974678525 2.885881338923316e-13
0.07316807143427195 2.70634958711788e-13
0.07663410868007459 2.5468954239429756e-13
0.08026433522257174 2.399758893684725e-13
0.08406652885618325 2.261122578367737e-13
0.08804883581643465 2.1304954126262544e-13
0.09221978823334327 2.0132437301868233e-13
0.09658832241158703 1.9059167362635343e-13
0.1011637979766207 1.8043113961330245e-13
0.10595601792776159 1.708122685672955e-13
0.11097524964120721 1.6232720612250945e-13
0.11623224686798524 1.5440094498801846e-13
0.12173827277396614 1.4686171457421094e-13
0.12750512407130135 1.3996065795027133e-13
0.13354515629298988 1.3375674366717172e-13
0.13987131026472385 1.2782782489349386e-13
0.14649713983072857 1.224065813107794e-13
0.15343684089300125 1.1753455089947943e-13
0.16070528182616392 1.1285643718836382e-13
0.16831803533309567 1.0879217668389805e-13
0.1762914118095948 1.0495654386106721e-13
0.18464249428955434 1.0154007634502979e-13
0.1933891750455231 9.84238643582456e-14
0.20255019392306675 9.569503075604941e-14
0.21214517849106299 9.319731163919813e-14
0.22219468609395238 9.116930232966249e-14
0.23272024789604084 8.93917133326573e-14
0.24374441501222205 8.791554021394625e-14
0.2552908068239518 8.684260904911381e-14
0.26738416158399464 8.612347193252585e-14
0.2800503894183631 8.575803274101594e-14
0.29331662783900436 8.57717947682063e-14
0.30721129988617574 8.618801191747212e-14
0.3217641750250737 8.70299478311505e-14
0.33700643292719284 8.832260084209659e-14
0.352970730273065 9.009403022840399e-14
0.3696912707195028 9.23763760928255e-14
0.3872038781812555 9.52397632078641e-14
0.40554607358408296 9.869174787042529e-14
0.42475715525368984 1.0277036937932848e-13
0.4448782831127585 1.0752143529075841e-13
0.4659525668664682 1.129923490941277e-13
0.48802515836544313 1.1924255000615106e-13
0.5111433483440168 1.2641986039552825e-13
0.5353566677410724 1.3452027582383935e-13
0.5607169938205459 1.4358342825376748e-13
0.5872786613189482 1.536879263128995e-13
0.6150985788580501 1.65211083162061e-13
0.6442363508721374 1.7785718889930993e-13
0.6747544053110693 1.921803586242779e-13
0.7067181273927491 2.0792976061019638e-13
0.7401959996915645 2.2573832638653762e-13
0.775259748862946 2.4510049805937927e-13
0.8119844993184013 2.67352292694827e-13
0.8504489341802677 2.916242479110097e-13
0.890735463861044 3.186684832584017e-13
0.9329304026284686 3.492447641910242e-13
0.9771241535346497 3.827548431136802e-13
1.0234114021054528 4.1997946547068284e-13
1.0718913192051276 4.624554679989609e-13
1.1226677735108135 5.09227420541748e-13
1.175849554052157 5.607298081124323e-13
1.231550603292826 6.190782703989126e-13
1.289890261253308 6.849178656178559e-13
1.3509935211980264 7.577595678495392e-13
1.414991297434576 8.383480582004418e-13
1.4820207057988586 9.28573793926448e-13
1.552225357427048 1.0321918571634363e-12
1.625755666443795 1.1473724942090016e-12
1.7027691722258995 1.2754059541654903e-12
1.7834308769319094 1.417726462967206e-12
1.8679135990207827 1.5780947355919618e-12
1.9563983435170649 1.7624960343256017e-12
2.049074689815848 1.968444733356408e-12
2.1461411978584035 2.1984586590920804e-12
2.247805833548725 2.455349847438086e-12
2.354286414322418 2.742258922350618e-12
2.4658110758226037 3.073943215474039e-12
2.5826187606826774 3.4493875354774326e-12
2.704959730463134 3.87068775701902e-12
2.833096101839324 4.343444613932969e-12
2.9673024081888695 4.873942900739802e-12
3.107866187782014 5.469235022237703e-12
3.2550885998350596 6.162422762887737e-12
3.409285069746811 6.947822421820712e-12
3.5707859649004625 7.8333211242609e-12
3.739937302478798 8.831676475074925e-12
3.9171014908092605 9.957272033546467e-12
4.102658105827195 1.1226324540970631e-11
4.297004704320839 1.270535114095453e-11
4.500557675700498 1.4392457800062415e-11
4.7137531341167245 1.6303590450079843e-11
4.937047852839004 1.8468496851370443e-11
5.17092024289676 2.0920874882956197e-11
5.415871378079471 2.36988970672959e-11
5.672426068491977 2.6954284010700475e-11
5.941133984965034 3.067800855917971e-11
6.222570836730231 3.4916164301878075e-11
6.517339604882427 3.97398197214775e-11
6.826071834272386 4.522986138573596e-11
7.149428986597577 5.153553196750526e-11
7.488103857590023 5.893281676170029e-11
7.842822061337682 6.739188980639657e-11
8.21434358491943 7.706515760212352e-11
8.603464416684501 8.812690270745917e-11
9.01101825166502 1.0081880159249191e-10
9.437878277775381 1.1583586292737948e-10
9.884959046625585 1.3308973056797275e-10
10.353218432956627 1.5291357905073194e-10
10.843659686896109 1.7569020959255967e-10
11.357333583431052 2.0185944203448892e-10
11.895340673703195 2.319266078227783e-10
12.458833642950081 2.6647230802803106e-10
13.049019780144029 3.0616362483102714e-10
13.667163564620074 3.51767002970581e-10
14.314589375234785 4.041630498959401e-10
14.992684327860456 4.6436354041669393e-10
15.702901247293775 5.335309542122808e-10
16.446761779946645 6.130009234730897e-10
17.225859653987875 7.043080241401509e-10
18.04186409392072 8.09215408775772e-10
18.896523396912094 9.297488532799055e-10
19.791668678535572 1.0682358748989518e-09
20.72921779595372 1.2273506769011168e-09
21.711179456945054 1.41016578780611e-09
22.739657523579275 1.6202113923297504e-09
23.81685551976158 1.8615434997321406e-09
24.945081352303166 2.138822265909428e-09
26.126752255633292 2.4574019816395253e-09
27.36439997074672 2.8234344646670106e-09
28.660676169482503 3.243987852142473e-09
30.01835813575589 3.727183087314576e-09
31.440354715915 4.282350736051307e-09
32.929712550971516 4.920211161339012e-09
34.489622604057594 5.653081534953221e-09
36.123426997094306 6.495113683724899e-09
37.83462617131929 7.462567363246004e-09
39.626886387014785 8.574124235966671e-09
41.50404757850477 9.851248616644158e-09
43.470131581250264 1.1318601951187156e-08
45.52935074866948 1.3004519032538481e-08
47.68611697714469 1.494155514938999e-08
49.9450511585514 1.716711473324548e-08
52.31099308056263 1.972417364309269e-08
54.78901179593945 2.2662109035099526e-08
57.38441648302393 2.6037652842231388e-08
60.10276782070382 2.9915987275611704e-08
62.94988990221888 3.4372003501904896e-08
65.93188271333548 3.9491747801955345e-08
69.0551352016233 4.537408313620158e-08
72.32633896483533 5.213259820192078e-08
75.75250258771912 5.989780084646004e-08
79.34096665797492 6.881963819156055e-08
83.09941949353396 7.907039213272229e-08
87.03591361485165 9.084800612609403e-08
91.15888299750827 1.0437990750359859e-07
95.47716114208056 1.1992739912571812e-07
100.0 1
