#Sensitivity curve for LISA Calculated by PLI
1e-05 1
1.059560179277617e-05 2.3551214498238412e-09
1.1226677735108135e-05 2.0977901970579383e-09
1.1895340673703208e-05 1.868576124259549e-09
1.2603829296797274e-05 1.6644070208020054e-09
1.3354515629299001e-05 1.482546359727649e-09
1.414991297434576e-05 1.3205566194275123e-09
1.4992684327860471e-05 1.176266612960535e-09
1.588565129428053e-05 1.0477423871196633e-09
1.6831803533309584e-05 9.33261301197909e-10
1.7834308769319092e-05 8.312889380260828e-10
1.8896523396912115e-05 7.40458537815216e-10
2.0022003718155845e-05 6.59552679150708e-10
2.121451784910632e-05 5.874869616040992e-10
2.2478058335487252e-05 5.232954712567436e-10
2.3816855519761608e-05 4.661178343262581e-10
2.523539170434766e-05 4.1518768537250555e-10
2.6738416158399493e-05 3.6982239551967125e-10
2.833096101839324e-05 3.294139230194175e-10
3.001835813575592e-05 2.9342066352298653e-10
3.180625692794119e-05 2.613601908295633e-10
3.370064329271932e-05 2.3280279081338146e-10
3.5707859649004625e-05 2.073657018633034e-10
3.783462617131933e-05 1.8470798463808007e-10
4.008806328898465e-05 1.6452595237543917e-10
4.2475715525369026e-05 1.465491005063166e-10
4.5005576757004976e-05 1.3053648101791288e-10
4.7686116977144744e-05 1.1627347297027879e-10
5.0526310653356795e-05 1.0356890588091603e-10
5.35356667741073e-05 9.225249742141837e-11
5.672426068491978e-05 8.217257108300701e-11
6.0102767820703876e-05 7.319402322027673e-11
6.368249944718586e-05 6.519651222496934e-11
6.7475440531107e-05 5.807284555883018e-11
7.149428986597576e-05 5.172754302657547e-11
7.57525025877192e-05 4.607555703216871e-11
8.026433522257174e-05 4.104113266570487e-11
8.504489341802686e-05 3.65567923423692e-11
9.011018251665018e-05 3.2562431384352156e-11
9.547716114208066e-05 2.900451242358427e-11
0.0001011637979766207 2.5835347827684802e-11
0.00010718913192051286 2.3012460531304187e-11
0.00011357333583431052 2.0498014705935245e-11
0.00012033778407775906 1.8258308637321694e-11
0.00012750512407130128 1.6263323013382884e-11
0.00013509935211980279 1.4486318568247561e-11
0.00014314589375234786 1.2903477689526875e-11
0.0001516716888470924 1.1493585185201329e-11
0.00016070528182616383 1.0237743931366748e-11
0.00017027691722259014 9.119121589596529e-12
0.00018041864093920718 8.122724999114543e-12
0.00019116440753857037 7.235199219901975e-12
0.00020255019392306664 6.4446485332664625e-12
0.00021461411978584058 5.740477000700487e-12
0.00022739657523579274 5.113246444002615e-12
0.00024094035602395268 4.554549943134493e-12
0.00025529080682395165 4.0568991562762015e-12
0.0002704959730463137 3.6136239518031543e-12
0.000286606761694825 3.218783006928767e-12
0.00030367711180354605 2.867084174744735e-12
0.0003217641750250735 2.5538135523199153e-12
0.0003409285069746815 2.2747722991402957e-12
0.00036123426997094305 2.026220359052989e-12
0.00038274944785163153 1.8048263314057517e-12
0.0004055460735840828 1.6076228194933318e-12
0.0004297004704320844 1.4319666578349896e-12
0.00045529350748669476 1.2755034852002006e-12
0.00048241087041653736 1.1394312885535032e-12
0.0005111433483440165 1.0209411862716069e-12
0.0005415871378079476 9.147729365488005e-13
0.0005738441648302393 8.196451829885311e-13
0.0006080224261649427 7.354005284001552e-13
0.0006442363508721371 6.628272588292832e-13
0.0006826071834272392 5.97415908855699e-13
0.0007232633896483533 5.384597018298038e-13
0.0007663410868007462 4.853216096136346e-13
0.0008119844993184008 4.392415317746852e-13
0.000860346441668451 3.98238881899035e-13
0.0009115888299750819 3.610637783167263e-13
0.0009658832241158709 3.2735892434883177e-13
0.0010234114021054539 2.971801973956022e-13
0.0010843659686896108 2.710341213166826e-13
0.0011489510001873099 2.471883912914894e-13
0.001217382727739662 2.2544062161782706e-13
0.0012898902612533095 2.0571675921234698e-13
0.0013667163564620073 1.8872855543096108e-13
0.0014481182276745346 1.7314324691597385e-13
0.0015343684089300133 1.588449818001833e-13
0.0016257556664437951 1.46198885763167e-13
0.0017225859653987874 1.3491984825619968e-13
0.0018251834943190442 1.2451097255942332e-13
0.0019338917504552321 1.1536007189712945e-13
0.0020490746898158482 1.070905475261867e-13
0.002171117945694505 9.966325366358563e-14
0.002300430119772919 9.306674437593874e-14
0.002437444150122222 8.727334356219696e-14
0.0025826187606826775 8.218099932221576e-14
0.0027364399970746718 7.784807958530783e-14
0.002899422853882878 7.429200215910159e-14
0.003072112998861759 7.169235057674289e-14
0.00325508859983506 7.015380974977229e-14
0.0034489622604057598 6.977413701012647e-14
0.003654383070957258 7.055140010862098e-14
0.003872038781812557 7.24479301324016e-14
0.004102658105827195 7.545381758172981e-14
0.004347013158125026 7.958443479180337e-14
0.004605922041145108 8.48845303803055e-14
0.004880251583654433 9.148429057526386e-14
0.005170920242896761 9.941404180941538e-14
0.005478901179593945 1.090072327349613e-13
0.005805225516094902 1.2038326589164287e-13
0.006150985788580504 1.3383437792892043e-13
0.006517339604882427 1.497227896071042e-13
0.006905513520162331 1.6847750715737627e-13
0.0073168071434272 1.9060445503209455e-13
0.007752597488629464 2.1669770960931382e-13
0.00821434358491943 2.474518637620922e-13
0.008703591361485167 2.841087281580323e-13
0.009221978823334332 3.2762692592591215e-13
0.009771241535346501 3.7909381333701134e-13
0.010353218432956626 4.404212071763209e-13
0.01096985797892384 5.141020829264431e-13
0.01162322468679853 6.015366503991437e-13
0.012315506032928261 7.071495972583547e-13
0.01304901978014403 8.338839309133272e-13
0.013826221737646563 9.860947572526358e-13
0.014649713983072863 1.1713456941684134e-12
0.01552225357427048 1.3933556078808632e-12
0.016446761779946643 1.6574439635357664e-12
0.017426333860096507 1.9715860593830843e-12
0.018464249428955443 2.3452687843885798e-12
0.01956398343517065 2.7897771161703945e-12
0.02072921779595372 3.3185349200548094e-12
0.02196385372416547 3.947510341163235e-12
0.023272024789604096 4.695698032110301e-12
0.024658110758226038 5.5856927792789716e-12
0.026126752255633292 6.644371850816741e-12
0.027682866303920667 7.903706672822894e-12
0.029331662783900453 9.401728345824952e-12
0.03107866187782014 1.1183676159519983e-11
0.03292971255097151 1.3303363790186274e-11
0.034891012134067735 1.5824804439047317e-11
0.036969127071950283 1.8824143989719842e-11
0.039171014908092605 2.2391960564855988e-11
0.04150404757850477 2.663599992710895e-11
0.043976036093027214 3.168442933176945e-11
0.046595256686646824 3.7689708095327164e-11
0.049370478528390035 4.483319176863458e-11
0.05231099308056263 5.333060895773742e-11
0.05542664520663107 6.34385761888334e-11
0.05872786613189483 7.54623475620849e-11
0.06222570836730231 8.976503322883955e-11
0.06593188271333549 1.0677856508433341e-10
0.0698587974678525 1.2701674083273355e-10
0.07401959996915644 1.5109074034688324e-10
0.07842822061337681 1.797275829068208e-10
0.08309941949353396 2.13792082713787e-10
0.08804883581643465 2.5431296572210277e-10
0.09329304026284686 3.025139365004215e-10
0.09884959046625587 3.5985063332155307e-10
0.10473708979594508 4.2805458750077367e-10
0.11097524964120721 5.091855145263182e-10
0.11758495540521581 6.056935161405419e-10
0.12458833642950082 7.20493071834487e-10
0.13200884008314195 8.570510542514162e-10
0.13987131026472385 1.0194914265077038e-09
0.14820207057988602 1.2127197832228824e-09
0.15702901247293774 1.4425714963175627e-09
0.16638168860761307 1.7159879394871227e-09
0.1762914118095948 2.041226113216525e-09
0.18679135990207846 2.4281080008769686e-09
0.19791668678535573 2.888317186297587e-09
0.20970464013232348 3.435751690472176e-09
0.22219468609395238 4.086943682841807e-09
0.23542864143224201 4.861558742164263e-09
0.24945081352303167 5.782989744326373e-09
0.2643081486974108 6.879063312129412e-09
0.2800503894183631 8.182880161375218e-09
0.29673024081888727 9.73381472116459e-09
0.31440354715915003 1.1578704216295978e-08
0.3331294787934677 1.3773263121288459e-08
0.352970730273065 1.638376570162784e-08
0.3739937302478802 1.9489047453899762e-08
0.3962688638701478 2.3182885887010473e-08
0.41987070844439145 2.7576832542557632e-08
0.4448782831127585 3.280358177953866e-08
0.4713753134116729 3.902097805852966e-08
0.499450511585514 4.6416782742730635e-08
0.5291978735958447 5.521434437020499e-08
0.5607169938205459 6.567934363587529e-08
0.594113398496504 7.812781677739587e-08
0.6294988990221888 9.293569966597849e-08
0.6669919663030128 1.1055018082757812e-07
0.7067181273927491 1.3150320624835296e-07
0.748810385759003 1.564275438008418e-07
0.7934096665797492 1.8607589242616365e-07
0.8406652885618334 2.213436131572572e-07
0.890735463861044 2.6329576844539384e-07
0.9437878277775391 3.131992863602441e-07
1.0 1
