#Sensitivity curve for BBO Calculated by PLI
0.001 1
0.001059560179277616 1.3308050575243202e-13
0.0011226677735108135 1.185395260222549e-13
0.0011895340673703195 1.055873596973015e-13
0.0012603829296797275 9.405040581783874e-14
0.0013354515629298987 8.377403185247204e-14
0.0014149912974345759 7.462050112162154e-14
0.0014992684327860455 6.646712668011113e-14
0.0015885651294280528 5.920462691491954e-14
0.0016831803533309566 5.273566081778092e-14
0.0017834308769319094 4.697352330054477e-14
0.0018896523396912095 4.18409830662983e-14
0.0020022003718155844 3.726924745996131e-14
0.00212145178491063 3.3197040424000667e-14
0.002247805833548725 2.9569781200886063e-14
0.002381685551976158 2.6338852774240832e-14
0.0025235391704347657 2.346095024343115e-14
0.0026738416158399465 2.089750039770352e-14
0.002833096101839324 1.8614144710284794e-14
0.003001835813575589 1.6580278822892123e-14
0.0031806256927941192 1.4768642348254257e-14
0.003370064329271928 1.3154953492670115e-14
0.003570785964900463 1.1717583601363973e-14
0.003783462617131929 1.0439563404136393e-14
0.004008806328898464 9.353947318321493e-15
0.0042475715525368985 8.38122506150648e-15
0.004500557675700498 7.50965674074689e-15
0.004768611697714469 6.728723301186299e-15
0.00505263106533568 6.032506230433205e-15
0.0053535666774107244 5.437186151181125e-15
0.005672426068491977 4.900615451245518e-15
0.006010276782070382 4.416996426684653e-15
0.006368249944718587 3.981103522086487e-15
0.006747544053110693 3.588226867882175e-15
0.007149428986597577 3.234121389700405e-15
0.007575250258771912 2.914960939883675e-15
0.008026433522257174 2.6300048543225153e-15
0.008504489341802677 2.3844971770831956e-15
0.009011018251665018 2.16190733571189e-15
0.009547716114208056 1.960095978776582e-15
0.010116379797662075 1.777123460636673e-15
0.010718913192051281 1.6112311991561128e-15
0.011357333583431058 1.4608247736507728e-15
0.012033778407775898 1.3244586006213915e-15
0.012750512407130135 1.200822039987757e-15
0.013509935211980273 1.0887267982886235e-15
0.014314589375234792 9.87095507777224e-16
0.015167168884709233 8.962164014885106e-16
0.01607052818261639 8.173667929955827e-16
0.017027691722259004 7.454544161234574e-16
0.018041864093920727 6.798689294452019e-16
0.019116440753857027 6.200536897059776e-16
0.020255019392306676 5.655010274285304e-16
0.021461411978584047 5.15747938173491e-16
0.022739657523579287 4.703721528849466e-16
0.024094035602395255 4.2898855396915607e-16
0.025529080682395178 3.9124590668861657e-16
0.027049597304631356 3.568238781298662e-16
0.028660676169482518 3.254303184441267e-16
0.03036771118035459 2.970175278015092e-16
0.03217641750250737 2.7248965604106075e-16
0.034092850697468126 2.4998730949978067e-16
0.036123426997094324 2.2934321918451874e-16
0.038274944785163134 2.1040392926811498e-16
0.040554607358408296 1.930286563905102e-16
0.04297004704320842 1.7708824315940235e-16
0.0455293507486695 1.6246419807139778e-16
0.04824108704165371 1.4904781471700404e-16
0.051114334834401684 1.3673936372216282e-16
0.05415871378079473 1.2544735141969735e-16
0.057384416483023955 1.1550534276244402e-16
0.06080224261649424 1.0659426873837e-16
0.06442363508721373 9.837067148691458e-17
0.06826071834272389 9.078151314624271e-17
0.07232633896483537 8.377784765063545e-17
0.07663410868007459 7.731450505419976e-17
0.08119844993184012 7.134980020855838e-17
0.08603464416684505 6.59336131379882e-17
0.09115888299750823 6.120719773496112e-17
0.09658832241158703 5.681959286420714e-17
0.10234114021054538 5.274651107593806e-17
0.1084365968689611 4.8965405953069925e-17
0.11489510001873098 4.564435773054376e-17
0.1217382727739662 4.262324996383816e-17
0.12898902612533095 3.9819781074453996e-17
0.13667163564620075 3.740435482624928e-17
0.14481182276745344 3.524155070995627e-17
0.15343684089300133 3.339697898036607e-17
0.1625755666443795 3.190741777803792e-17
0.17225859653987874 3.0796936001146924e-17
0.18251834943190443 3.0062289969689353e-17
0.19338917504552322 2.96844861455051e-17
0.20490746898158482 2.9641936865715504e-17
0.21711179456945054 2.9927104164336745e-17
0.23004301197729193 3.054162628504013e-17
0.24374441501222216 3.14955738373324e-17
0.2582618760682677 3.281396172898854e-17
0.27364399970746717 3.454759959178289e-17
0.2899422853882878 3.670614593667228e-17
0.3072112998861759 3.9370515977232396e-17
0.325508859983506 4.2587725920884896e-17
0.34489622604057596 4.647167412840975e-17
0.36543830709572583 5.1084705729873714e-17
0.38720387818125573 5.656615200680323e-17
0.41026581058271944 6.311404059294378e-17
0.43470131581250265 7.087354528412299e-17
0.46059220411451085 8.007619834096771e-17
0.48802515836544336 9.100093641612116e-17
0.517092024289676 1.0398322293495519e-16
0.5478901179593945 1.1942566248356676e-16
0.5805225516094902 1.3792892312769253e-16
0.6150985788580504 1.601042569708803e-16
0.6517339604882427 1.8664767188983163e-16
0.6905513520162331 2.184377321506255e-16
0.73168071434272 2.5678926498301875e-16
0.7752597488629465 3.0334302646606413e-16
0.821434358491943 3.5939344737244847e-16
0.8703591361485166 4.2751074923918944e-16
0.9221978823334331 5.085386003870258e-16
0.9771241535346502 6.049239897331885e-16
1.0353218432956626 7.195776939572008e-16
1.096985797892384 8.559621810818642e-16
1.162322468679853 1.0181961747774798e-15
1.231550603292826 1.2111790371639562e-15
1.3049019780144029 1.4407387263913085e-15
1.3826221737646565 1.7138077972221874e-15
1.4649713983072863 2.038632759720676e-15
1.552225357427048 2.425023118544915e-15
1.6446761779946644 2.8846476136697893e-15
1.7426333860096508 3.431386608818711e-15
1.8464249428955444 4.081751269508168e-15
1.9563983435170649 4.8553821896120185e-15
2.072921779595372 5.775642524646591e-15
2.1963853724165467 6.870323544019839e-15
2.3272024789604098 8.17248390946799e-15
2.4658110758226037 9.721448025347947e-15
2.612675225563329 1.1563993610321305e-14
2.768286630392067 1.3755764354329892e-14
2.933166278390045 1.6362950322193688e-14
3.107866187782014 1.9464286850937542e-14
3.2929712550971515 2.3153432306258363e-14
3.489101213406774 2.754179650484687e-14
3.6969127071950285 3.276190521909615e-14
3.9171014908092605 3.897140237007233e-14
4.150404757850477 4.635781077239745e-14
4.397603609302721 5.514419520247356e-14
4.659525668664682 6.559589881106124e-14
4.937047852839004 7.802855631553357e-14
5.2310993080562636 9.281762596505069e-14
5.5426645206631076 1.1040972813786375e-13
5.872786613189483 1.3133613298908424e-13
6.222570836730231 1.5622880446719457e-13
6.593188271333548 1.8583948521826434e-13
6.985879746785249 2.210623987296884e-13
7.401959996915645 2.6296125430356555e-13
7.842822061337682 3.128013703925212e-13
8.309941949353396 3.720878864020258e-13
8.804883581643464 4.4261121693102697e-13
9.329304026284687 5.265011211396914e-13
9.884959046625585 6.262910201043304e-13
10.473708979594509 7.449945045022132e-13
11.097524964120721 8.861963431090505e-13
11.758495540521581 1.0541607405072154e-12
12.458833642950081 1.253960113317652e-12
13.200884008314194 1.4916282739148978e-12
13.987131026472387 1.7743426476745526e-12
14.8202070579886 2.110641026596938e-12
15.702901247293775 2.5106794051265157e-12
16.638168860761308 2.9865386846430474e-12
17.62914118095948 3.5525895089022365e-12
18.679135990207847 4.225926248221618e-12
19.791668678535572 5.0268832384540385e-12
20.97046401323235 5.979648864833935e-12
22.21946860939524 7.112996035632204e-12
23.542864143224204 8.461151105454561e-12
24.945081352303166 1.0064827489106208e-11
26.430814869741084 1.1972455180497145e-11
28.00503894183631 1.4241643307265579e-11
29.673024081888727 1.6940919889328966e-11
31.440354715915 2.015180134094816e-11
33.31294787934677 2.397125421393681e-11
35.2970730273065 2.8514623525072068e-11
37.39937302478802 3.3919116101312485e-11
39.626886387014785 4.034794413760021e-11
41.987070844439145 4.7995254100030166e-11
44.487828311275855 5.709198982408071e-11
47.13753134116729 6.791286686970382e-11
49.9450511585514 8.078466875429756e-11
52.919787359584475 9.609611560446384e-11
56.07169938205458 1.1430960325346595e-10
59.411339849650396 1.3597516729758325e-10
62.94988990221888 1.617470938168534e-10
66.69919663030129 1.924036783932909e-10
70.67181273927491 2.2887073013618143e-10
74.8810385759003 2.7224953052090757e-10
79.34096665797492 3.238500913801941e-10
84.06652885618334 3.8523071641773313e-10
89.0735463861044 4.582450609763668e-10
94.37878277775391 5.450981112355794e-10
100.0 1
