#Sensitivity curve for NANOGrav Calculated by PLI
7.927447995941148e-09 1
8.128483841493332e-09 1.875940625032485e-11
8.334617848675503e-09 1.7842955752052518e-11
8.545979304142723e-09 1.6971276474392053e-11
8.762700773190412e-09 1.64530200066574e-11
8.984918182899193e-09 1.6471078391509092e-11
9.212770907387688e-09 1.6830095935378468e-11
9.446401855227842e-09 1.744005366309749e-11
9.685957559076478e-09 1.8259663166335862e-11
9.931588267580463e-09 1.9269452239067526e-11
1.0183448039611908e-08 2.046108173543663e-11
1.0441694840893772e-08 2.1836213423296958e-11
1.07064906430752e-08 2.3397296035805603e-11
1.0978001525319905e-08 2.5161124961664305e-11
1.1256397778470434e-08 2.7124296911367314e-11
1.1541854011854113e-08 2.924064341546618e-11
1.1834549262797517e-08 3.152211576743666e-11
1.2134667108918164e-08 3.3981597748636194e-11
1.2442395783263865e-08 3.6632978384750694e-11
1.2757928292371952e-08 3.949123037899151e-11
1.308146253732242e-08 4.2572494664965156e-11
1.3413201437860917e-08 4.5894171556697134e-11
1.3753353059669419e-08 4.947501901054668e-11
1.4102130744864425e-08 5.3335258553910275e-11
1.4459753245804523e-08 5.749668947890769e-11
1.4826444862291239e-08 6.198281194591802e-11
1.5202435582249213e-08 6.681895969214717e-11
1.5587961225973982e-08 7.203244309465096e-11
1.5983263594037774e-08 7.765270339570882e-11
1.6388590618946136e-08 8.371147896148068e-11
1.680419652064052e-08 9.024298451283173e-11
1.7230341965944156e-08 9.728410434046267e-11
1.7667294232051753e-08 1.0487460059546583e-10
1.8115327374164822e-08 1.1305733783154001e-10
1.857472239737837e-08 1.2187852506689393e-10
1.9045767432926463e-08 1.313879767327894e-10
1.952875791889732e-08 1.4163939398233767e-10
2.0023996785531228e-08 1.5269066794813683e-10
2.0531794645217506e-08 1.6460420666128715e-10
2.1052469987309706e-08 1.774472874779401e-10
2.158634937788122e-08 1.91292437003581e-10
2.2133767664546588e-08 2.0621784066052958e-10
2.2695068186476925e-08 2.223077842115392e-10
2.3270602989741292e-08 2.396531297328413e-10
2.386073304810897e-08 2.583518287245152e-10
2.4465828489451143e-08 2.785094752557893e-10
2.508626882788407e-08 3.0023990226895845e-10
2.572244320179921e-08 3.236658244093255e-10
2.6374750617929715e-08 3.489195310113161e-10
2.7043600201606364e-08 3.76143633154152e-10
2.7729411453359497e-08 4.054918690057936e-10
2.843261451202917e-08 4.371299720030865e-10
2.915365042454619e-08 4.71236606770746e-10
2.989297142255611e-08 5.080043780645606e-10
3.0651041206057345e-08 5.476409184363513e-10
3.1428335234232495e-08 5.903700607629323e-10
3.2225341023655e-08 6.364331022604854e-10
3.304255845405813e-08 6.86090167122406e-10
3.3880500081858095e-08 7.396216754756268e-10
3.4739691461627976e-08 7.973299269508044e-10
3.5620671475724014e-08 8.595408078090124e-10
3.652399267227108e-08 9.266056312653049e-10
3.745022161171927e-08 9.989031214017152e-10
3.8399939222188975e-08 1.0768415518731057e-09
3.9373741163827335e-08 1.1608610514834332e-09
4.0372238202404567e-08 1.251436089652326e-09
4.139605659238448e-08 1.3490781558077406e-09
4.2445838469709485e-08 1.4543386478355843e-09
4.352224225454648e-08 1.5678119858977795e-09
4.462594306424565e-08 1.6901389692028554e-09
4.5757633136773114e-08 1.8220103946854085e-09
4.691802226487928e-08 1.964170958029199e-09
4.8107838241279854e-08 2.1174234590640026e-09
4.932782731512485e-08 2.2826333352842028e-09
5.0578754660044025e-08 2.4607335490908044e-09
5.1861404854061534e-08 2.652729856355624e-09
5.317658237168104e-08 2.859706486060046e-09
5.452511208844978e-08 3.082832263081961e-09
5.590783979831814e-08 3.3233672087071296e-09
5.73256327441192e-08 3.582669656138921e-09
5.877938016150089e-08 3.862203921188685e-09
6.026999383665207e-08 4.163548571464175e-09
6.179840867817218e-08 4.4884053407532345e-09
6.336558330344324e-08 4.8386087389434685e-09
6.497250063987184e-08 5.216136411746433e-09
6.662016854137849e-08 5.6231203087290645e-09
6.830962042052059e-08 6.061858722719764e-09
7.004191589664583e-08 6.534829268577216e-09
7.181814146048246e-08 7.044702874614925e-09
7.363941115558318e-08 7.594358865692784e-09
7.550686727704953e-08 8.186901223151843e-09
7.742168108797694e-08 8.825676113414853e-09
7.938505355406703e-08 9.51429078423814e-09
8.139821609686985e-08 1.0256633935325087e-08
8.346243136612808e-08 1.1056897678336613e-08
8.557899403170726e-08 1.1919601210309814e-08
8.774923159560889e-08 1.2849616334171696e-08
8.997450522457604e-08 1.3852194970465829e-08
9.225621060381306e-08 1.493299881565435e-08
9.459577881235539e-08 1.6098131314479714e-08
9.699467722063817e-08 1.735417212693836e-08
9.945441041082679e-08 1.8708214284506098e-08
1.0197652112048641e-07 2.0167904245441225e-08
1.0456259121018262e-07 2.1741485075363216e-08
1.0721424265561973e-07 2.3437842996953412e-08
1.0993313856493927e-07 2.526655757165019e-08
1.1272098422181694e-07 2.7237955796721573e-08
1.1557952815501034e-07 2.9363170423207536e-08
1.185105632350338e-07 3.1654202824064966e-08
1.21515927798638e-07 3.412399076753291e-08
1.2459750680181345e-07 3.678648147845382e-08
1.2775723300202562e-07 3.965671040012575e-08
1.3099708817043766e-07 4.275088610147614e-08
1.3431910433487033e-07 4.6086481809030514e-08
1.377253650542842e-07 4.9682334080573885e-08
1.4121800672558185e-07 5.355874917772722e-08
1.4479921992354983e-07 5.773761773813914e-08
1.4847125077478084e-07 6.224253839486216e-08
1.5223640236643785e-07 6.709895104100892e-08
1.5609703619074382e-07 7.233428049225187e-08
1.600555736261027e-07 7.797809135844722e-08
1.6411449745578098e-07 8.4062254998965e-08
1.682763534251023e-07 9.062112950454414e-08
1.7254375183813154e-07 9.769175372205362e-08
1.769193691948499e-07 1.0531405641784478e-07
1.8140594986984813e-07 1.1353108176086734e-07
1.8600630783359022e-07 1.2238923239888366e-07
1.9072332841732808e-07 1.3193853150046488e-07
1.9555997012277092e-07 1.4223290524255072e-07
2.005192664776534e-07 1.533304873388362e-07
2.0560432793834944e-07 1.652939473286618e-07
2.1081834384074802e-07 1.7819084448034942e-07
2.1616458440058923e-07 1.9209400930746675e-07
2.2164640276453882e-07 2.0708195485254802e-07
2.2726723711326994e-07 2.232393200608046e-07
2.3303061281788055e-07 2.4065734774763813e-07
2.3894014465099616e-07 2.594343998590966e-07
2.4499953905394457e-07 2.796765129350187e-07
2.512125964614254e-07 3.0149799691164237e-07
2.5758321368513167e-07 3.2502208064519554e-07
2.641153863578188e-07 3.503816078018283e-07
2.7081321143935417e-07 3.7771978704367163e-07
2.7768088978631824e-07 4.071910007474202e-07
2.8472272878676996e-07 4.389616768223889e-07
2.919431450618279e-07 4.732112285513075e-07
2.9934666723576254e-07 5.101330677612739e-07
3.069379387763367e-07 5.499356970463644e-07
3.147217209071724e-07 5.928438872098262e-07
3.227028955939829e-07 6.390999465750804e-07
3.308864686065186e-07 6.889650893333795e-07
3.392775726581814e-07 7.427209106555502e-07
3.4788147062523795e-07 8.00670976897756e-07
3.5670355884768786e-07 8.631425398816002e-07
3.6574937051382913e-07 9.304883849291777e-07
3.7502457913065866e-07 1.003088823089261e-06
3.8453500208227935e-07 1.0813538388049652e-06
3.942866042785468e-07 1.1657254051510658e-06
4.0428550189624356e-07 1.256679979715421e-06
4.1453796621512745e-07 1.3547311952190822e-06
4.250504275512602e-07 1.460432760069377e-06
4.358294792900832e-07 1.5743815852257988e-06
4.468818820217698e-07 1.697221155036505e-06
4.5821456778144784e-07 1.82964516108102e-06
4.698346443969525e-07 1.972401419539924e-06
4.817493999468348e-07 2.1262960942134467e-06
4.939663073314253e-07 2.2921982490369405e-06
5.064930289598095e-07 2.471044755801782e-06
5.19337421555681e-07 2.663845584796605e-06
5.325075410850398e-07 2.8716895082451928e-06
5.46011647808888e-07 3.095750248749978e-06
5.598582114640257e-07 3.337293107461256e-06
5.740559165752571e-07 3.5976821094032344e-06
5.886136679022944e-07 3.878387706306785e-06
6.035405960247984e-07 4.18099508044825e-06
6.188460630690512e-07 4.50721309638705e-06
6.345396685798556e-07 4.858883951153786e-06
6.506312555413415e-07 5.237993577384757e-06
6.671309165504571e-07 5.6466828581507676e-06
6.840490001470172e-07 6.087259716811909e-06
7.013961173042764e-07 6.5622121501713055e-06
7.191831480841021e-07 7.074222278527844e-06
7.374212484609174e-07 7.626181491970399e-06
7.561218573186961e-07 8.221206778446712e-06
7.752967036253975e-07 8.86265832581375e-06
7.949578137893437e-07 9.554158497270713e-06
8.151175192021394e-07 1.0299612287331157e-05
8.357884639729032e-07 1.110322937385308e-05
8.569836128585918e-07 1.1969547890655337e-05
8.787162593954854e-07 1.2903460054970949e-05
9.010000342368267e-07 1.3910239794455004e-05
9.23848913701957e-07 1.4995572529764977e-05
9.472772285421934e-07 1.6165587280894852e-05
9.712996729290647e-07 1.7426891278577166e-05
9.95931313670425e-07 1.8786607276202563e-05
1.0211875996603334e-06 2.025241377296773e-05
1.047084371568546e-06 2.183258837539296e-05
1.07363787177574e-06 2.3536054542080148e-05
1.1008647545606888e-06 2.53724319756842e-05
1.1287820965457765e-06 2.7352090946668326e-05
1.1574074074074076e-06 1
