#Sensitivity curve for SKA20 Calculated by PLI
1.5854895991882297e-09 1
1.6361293777603642e-09 2.7807028766643333e-16
1.6883865666107797e-09 2.6112358251192115e-16
1.742312825049253e-09 2.4795428187850544e-16
1.7979614623591708e-09 2.4736822602541395e-16
1.8553874904969245e-09 2.5486664457866264e-16
1.914647678474429e-09 2.6802738924603674e-16
1.975800608478661e-09 2.858388016602749e-16
2.038906733783599e-09 3.0803264743542613e-16
2.1040284385118416e-09 3.3452284303471003e-16
2.1712300993049906e-09 3.6562648251434093e-16
2.240578148963754e-09 4.0145985750346014e-16
2.3121411421206723e-09 4.4116887227064977e-16
2.3859898230104498e-09 4.848055670394935e-16
2.4621971954047424e-09 5.327584347072741e-16
2.540838594780724e-09 5.85454394603978e-16
2.6219917627946338e-09 6.433625933101167e-16
2.7057369241339846e-09 7.069985814193193e-16
2.792156865824391e-09 7.769289034309627e-16
2.8813370190694237e-09 8.537761416361792e-16
2.9733655437043733e-09 9.382244589024027e-16
3.0683334153474894e-09 1.0310256897033624e-15
3.1663345153346683e-09 1.1330060336221447e-15
3.2674657235267305e-09 1.2450734109191014e-15
3.3718270140808596e-09 1.3682255456502864e-15
3.4795215542809464e-09 1.5035588482996357e-15
3.5906558065245256e-09 1.652278177006024e-15
3.7053396335671297e-09 1.8157075642883644e-15
3.8236864071280785e-09 1.9953020047676425e-15
3.945813119965163e-09 2.192660408830865e-15
4.0718405015287915e-09 2.4095398375616902e-15
4.201893137310218e-09 2.647871145670265e-15
4.33609959200163e-09 2.9097761716893192e-15
4.4745925365899195e-09 3.1975866284791296e-15
4.617508879509769e-09 3.5138648622215106e-15
4.7649899019857026e-09 3.8614266647179885e-15
4.917181397696886e-09 4.243366342087561e-15
5.074233816902839e-09 4.6630842630483645e-15
5.2363024151722685e-09 5.124317132041912e-15
5.40354740686242e-09 5.631171256719344e-15
5.576134123500388e-09 6.188159105965877e-15
5.754233177223072e-09 6.8002394839360005e-15
5.938020629437328e-09 7.47286167776456e-15
6.127678164867009e-09 8.21201397199602e-15
6.323393271159125e-09 9.024276961651443e-15
6.525359424226274e-09 9.91688213857224e-15
6.733776279509081e-09 1.0897776272630718e-14
6.948849869347338e-09 1.1975692160985137e-14
7.1707928066551075e-09 1.3160226375252975e-14
7.3998244951011175e-09 1.4461924698777246e-14
7.636171346002212e-09 1.5892376014624825e-14
7.880067002144275e-09 1.746431548019173e-14
8.131752568751856e-09 1.9191737906967766e-14
8.391476851835024e-09 2.109002235487014e-14
8.659496604148558e-09 2.317606905039258e-14
8.936076779007323e-09 2.546844984754273e-14
9.221490792208175e-09 2.7987573571101877e-14
9.516020792317599e-09 3.0755867714242356e-14
9.81995793959218e-09 3.3797978108137005e-14
1.0133602693807657e-08 3.714098834119794e-14
1.0457265111281191e-08 4.0814660881412344e-14
1.0791265151380149e-08 4.485170204845846e-14
1.1135932992820972e-08 4.928805319462686e-14
1.1491609360070122e-08 5.416321068689209e-14
1.1858645860170385e-08 5.952057753890903e-14
1.2237405330325102e-08 6.54078498234711e-14
1.2628262196584209e-08 7.187744130562392e-14
1.3031602843986311e-08 7.898695007689279e-14
1.3447825998523145e-08 8.679967134502607e-14
1.3877343121303659e-08 9.538516094456181e-14
1.4320578815307678e-08 1.0481985458509903e-13
1.4777971245130793e-08 1.1518774835036558e-13
1.5249972570135983e-08 1.2658114650650672e-13
1.5737049391439733e-08 1.391014832772427e-13
1.6239683213174847e-08 1.5286022590208203e-13
1.6758370918485456e-08 1.679798670174087e-13
1.7293625260725386e-08 1.8459501519552463e-13
1.7845975370345143e-08 2.0285359335059325e-13
1.841596727796834e-08 2.22918155680758e-13
1.9004164454175283e-08 2.4496733487105057e-13
1.961114836652677e-08 2.691974324413688e-13
2.0237519054379023e-08 2.958241663982313e-13
2.088389572205809e-08 3.2508459174947393e-13
2.155091735097955e-08 3.572392109800059e-13
2.223924333131942e-08 3.9257429327799856e-13
2.2949554113860307e-08 4.314044231593225e-13
2.3682551882656854e-08 4.740753011803438e-13
2.4438961249186193e-08 5.209668216735736e-13
2.521952996866906e-08 5.724964549068944e-13
2.6025029679269816e-08 6.291229637773789e-13
2.685625666490644e-08 6.913504881290561e-13
2.7714032642423787e-08 7.5973303305682e-13
2.8599205573909247e-08 8.348794011554462e-13
2.9512650504953403e-08 9.17458612624983e-13
3.04552704296838e-08 1.0082058614870982e-12
3.142799718342806e-08 1.107929060940031e-12
3.243179236388797e-08 1.2175160361246991e-12
3.346764828173537e-08 1.3379424283384024e-12
3.453658894156996e-08 1.470280381066561e-12
3.563967105420783e-08 1.615708085163192e-12
3.677798508130251e-08 1.7755202681600054e-12
3.795265631333076e-08 1.9511397210892734e-12
3.9164845982008124e-08 2.1441299654424746e-12
4.0415752408235135e-08 2.3562091730374878e-12
4.170661218670806e-08 2.5892654627212936e-12
4.303870140836551e-08 2.845373710093185e-12
4.44133369218799e-08 3.1268140199037483e-12
4.5831877635439287e-08 3.4360920255871735e-12
4.729572586010888e-08 3.775961196651942e-12
4.880632869609756e-08 4.1494473525297186e-12
5.036517946330197e-08 4.559875601127102e-12
5.19738191775412e-08 5.0108999419110815e-12
5.363383807394154e-08 5.5065357970813684e-12
5.534687717897806e-08 6.051195760451448e-12
5.711462993272528e-08 6.6497288823063106e-12
5.893884386292278e-08 7.307463839986481e-12
6.082132231250967e-08 8.03025637854126e-12
6.276392622233466e-08 8.824541443809855e-12
6.476857597080614e-08 9.69739047206656e-12
6.683725327229924e-08 1.065657434627303e-11
6.897200313619718e-08 1.1710632579430728e-11
7.117493588850401e-08 1.2868949340965969e-11
7.344822925802538e-08 1.4141837003001507e-11
7.579413052918217e-08 1.554062795031951e-11
7.821495876358396e-08 1.7077775471389913e-11
8.071310709255719e-08 1.8766964628685453e-11
8.329104508289706e-08 2.0623234095351805e-11
8.595132117817961e-08 2.2663110042930413e-11
8.869656521804821e-08 2.4904753272122934e-11
9.152949103796562e-08 2.73681208964876e-11
9.445289915199921e-08 3.007514401851826e-11
9.746967952129461e-08 3.3049922979940275e-11
1.005828144109731e-07 3.6318941924515045e-11
1.0379538133827533e-07 3.9911304583581245e-11
1.0711055611486905e-07 4.3858993383510095e-11
1.1053161598632596e-07 4.819715418187858e-11
1.1406194287187172e-07 5.2964409167337154e-11
1.1770502670761329e-07 5.820320070888853e-11
1.2146446889654503e-07 6.396016921582659e-11
1.2534398586874834e-07 7.028656837238858e-11
1.293474127553025e-07 7.723872144390845e-11
1.3347870717953628e-07 8.487852271691363e-11
1.3774195316937266e-07 9.327398853743985e-11
1.4214136519463076e-07 1.0249986285339548e-10
1.4668129233327733e-07 1.1263828265205637e-10
1.5136622257074768e-07 1.237795092170148e-10
1.562007872365819e-07 1.3602273171487615e-10
1.6118976558276782e-07 1.4947695026596327e-10
1.6633808950831413e-07 1.6426194636090966e-10
1.7165084843472125e-07 1.8050934926264893e-10
1.7713329433717548e-07 1.9836380788788149e-10
1.8279084693643562e-07 2.179842786011433e-10
1.8862909905654583e-07 2.395454403865752e-10
1.946538221536733e-07 2.6323924999652536e-10
2.0087097202152983e-07 2.892766509222868e-10
2.0728669467902804e-07 3.1788945140179373e-10
2.1390733244598031e-07 3.493323881839364e-10
2.2073943021285716e-07 3.838853944230118e-10
2.2778974191079668e-07 4.218560918941095e-10
2.3506523718826327e-07 4.6358252971737287e-10
2.425731083009554e-07 5.094361939737071e-10
2.503207772217759e-07 5.598253150062408e-10
2.58315902977886e-07 6.151985018520499e-10
2.6656638922210894e-07 6.760487361611888e-10
2.7508039204615296e-07 7.429177611603739e-10
2.838663280433902e-07 8.16400904735879e-10
2.9293288262915483e-07 8.971523795750017e-10
3.022890186267877e-07 9.858911075527071e-10
3.1194398512791444e-07 1.0834071202173515e-09
3.2190732663572045e-07 1.1905685923583718e-09
3.321888925002495e-07 1.308329571274941e-09
3.427988466550721e-07 1.4377384705586423e-09
3.537476776649279e-07 1.5799474040091938e-09
3.650462090942924e-07 1.7362224427822836e-09
3.7670561020710755e-07 1.90795488708771e-09
3.8873740700825623e-07 2.096673652788585e-09
4.011534936377004e-07 2.3040588831782822e-09
4.139661441285336e-07 2.5319569071191157e-09
4.2718802454059197e-07 2.7823966767138318e-09
4.4083220548159537e-07 3.057607830852378e-09
4.549121750282157e-07 3.360040545452147e-09
4.694418520598353e-07 3.6923873471160793e-09
4.844356000181784e-07 4.057607084413409e-09
4.99908241106419e-07 4.458951270196781e-09
5.15875070941806e-07 4.8999930294788305e-09
5.323518736762742e-07 5.384658910587596e-09
5.493549376000173e-07 5.917263842812949e-09
5.669010712434149e-07 6.5025495517673565e-09
5.850076199932589e-07 7.1457267744696806e-09
6.036924832396894e-07 7.852521649987994e-09
6.229741320707963e-07 8.629226698652548e-09
6.428716275323766e-07 9.482756843701459e-09
6.634046394709068e-07 1.042071097411415e-08
6.845934659783349e-07 1.1451439596719151e-08
7.064590534579517e-07 1.258411917987733e-08
7.290230173311346e-07 1.382883385061271e-08
7.5230766340547e-07 1.5196665172533434e-08
7.763360099253579e-07 1.669979080382534e-08
8.011318103269014e-07 1.835159291366007e-08
8.267195767195766e-07 1
