#Sensitivity curve for DECIGO Calculated by PLI
0.001 1
0.001059560179277616 4.126782112035651e-13
0.0011226677735108135 3.675871178817535e-13
0.0011895340673703195 3.274228819557479e-13
0.0012603829296797275 2.9164717263757294e-13
0.0013354515629298987 2.597804796030905e-13
0.0014149912974345759 2.313956860013033e-13
0.0014992684327860455 2.0611234370581542e-13
0.0015885651294280528 1.835915740782864e-13
0.0016831803533309566 1.6353152589760167e-13
0.0017834308769319094 1.4566332957630453e-13
0.0018896523396912095 1.2974749343769375e-13
0.0020022003718155844 1.155706937520319e-13
0.00212145178491063 1.029429155079588e-13
0.002247805833548725 9.169490559618994e-14
0.002381685551976158 8.167590426991689e-14
0.0025235391704347657 7.275162447613464e-14
0.0026738416158399465 6.480245197439428e-14
0.002833096101839324 5.77218421187451e-14
0.003001835813575589 5.1414891814554365e-14
0.0031806256927941192 4.579706750980247e-14
0.003370064329271928 4.079307217181945e-14
0.003570785964900463 3.633583606328264e-14
0.003783462617131929 3.236561779060692e-14
0.004008806328898464 2.8829203575865514e-14
0.0042475715525368985 2.5802275078524813e-14
0.004500557675700498 2.3119081941849312e-14
0.004768611697714469 2.071491557265041e-14
0.00505263106533568 1.8664681052796475e-14
0.0053535666774107244 1.6822750190378177e-14
0.005672426068491977 1.5162590947433694e-14
0.006010276782070382 1.3666265125347493e-14
0.006368249944718587 1.2375720551595958e-14
0.006747544053110693 1.1220462453196776e-14
0.007149428986597577 1.0173046259303494e-14
0.007575250258771912 9.223405062457444e-15
0.008026433522257174 8.362411688471968e-15
0.008504489341802677 7.581790973502014e-15
0.009011018251665018 6.913598345267581e-15
0.009547716114208056 6.305336186824265e-15
0.010116379797662075 5.750589265297677e-15
0.010718913192051281 5.244649280915268e-15
0.011357333583431058 4.783222172690016e-15
0.012033778407775898 4.362391673465846e-15
0.012750512407130135 3.978586071410034e-15
0.013509935211980273 3.638115682556923e-15
0.014314589375234792 3.337678076830615e-15
0.015167168884709233 3.0620507747918235e-15
0.01607052818261639 2.809184927836599e-15
0.017027691722259004 2.5772008824121568e-15
0.018041864093920727 2.3643742077959564e-15
0.019116440753857027 2.1691228777085053e-15
0.020255019392306676 1.989995510475672e-15
0.021461411978584047 1.825660580324902e-15
0.022739657523579287 1.683907087213024e-15
0.024094035602395255 1.5539960342266766e-15
0.025529080682395178 1.4341074354577724e-15
0.027049597304631356 1.32346807272178e-15
0.028660676169482518 1.2213643805248077e-15
0.03036771118035459 1.1271378439427905e-15
0.03217641750250737 1.0401807515477957e-15
0.034092850697468126 9.599322759900646e-16
0.036123426997094324 8.891618410216018e-16
0.038274944785163134 8.25422755277989e-16
0.040554607358408296 7.662527714278673e-16
0.04297004704320842 7.11324355872824e-16
0.0455293507486695 6.603334540833304e-16
0.04824108704165371 6.129978075143827e-16
0.051114334834401684 5.690553911721404e-16
0.05415871378079473 5.305505027785159e-16
0.057384416483023955 4.954344375238359e-16
0.06080224261649424 4.626426336401524e-16
0.06442363508721373 4.3202125296588556e-16
0.06826071834272389 4.0342663957638144e-16
0.07232633896483537 3.7816571454907727e-16
0.07663410868007459 3.5522657805847174e-16
0.08119844993184012 3.3367890558136646e-16
0.08603464416684505 3.137474941685855e-16
0.09115888299750823 2.964608883666756e-16
0.09658832241158703 2.801267259968399e-16
0.10234114021054538 2.660201751476837e-16
0.1084365968689611 2.532622558724386e-16
0.11489510001873098 2.4237037351618756e-16
0.1217382727739662 2.335169569748413e-16
0.12898902612533095 2.267127317932491e-16
0.13667163564620075 2.2243132384878925e-16
0.14481182276745344 2.2056029203619283e-16
0.15343684089300133 2.211238232222007e-16
0.1625755666443795 2.2408865047418065e-16
0.17225859653987874 2.294200882524255e-16
0.18251834943190443 2.37395155114878e-16
0.19338917504552322 2.477872001719212e-16
0.20490746898158482 2.610016378398067e-16
0.21711179456945054 2.769736638131049e-16
0.23004301197729193 2.96055600455895e-16
0.24374441501222216 3.187023984247348e-16
0.2582618760682677 3.450658480888188e-16
0.27364399970746717 3.7568276246069004e-16
0.2899422853882878 4.1125676412217505e-16
0.3072112998861759 4.521218936862801e-16
0.325508859983506 4.986621365160652e-16
0.34489622604057596 5.52608044223154e-16
0.36543830709572583 6.143298307302259e-16
0.38720387818125573 6.848197127146435e-16
0.41026581058271944 7.662092252129537e-16
0.43470131581250265 8.591833750712457e-16
0.46059220411451085 9.65794843822327e-16
0.48802515836544336 1.089399597375774e-15
0.517092024289676 1.2288235854164768e-15
0.5478901179593945 1.393224590693292e-15
0.5805225516094902 1.5808377521943654e-15
0.6150985788580504 1.793715109147883e-15
0.6517339604882427 2.0468872722700097e-15
0.6905513520162331 2.3362748439758727e-15
0.73168071434272 2.6665758395875595e-15
0.7752597488629465 3.056193098990332e-15
0.821434358491943 3.5089294586776685e-15
0.8703591361485166 4.028732984850871e-15
0.9221978823334331 4.628640448564745e-15
0.9771241535346502 5.345780624860786e-15
1.0353218432956626 6.174031188358619e-15
1.096985797892384 7.130607069349698e-15
1.162322468679853 8.249026365670337e-15
1.231550603292826 9.583501556033256e-15
1.3049019780144029 1.1133859682727348e-14
1.3826221737646565 1.2935024918592643e-14
1.4649713983072863 1.5055182277400385e-14
1.552225357427048 1.759427531861224e-14
1.6446761779946644 2.0561592565492346e-14
1.7426333860096508 2.402935506994539e-14
1.8464249428955444 2.8136657276925966e-14
1.9563983435170649 3.3076664320240865e-14
2.072921779595372 3.8883997903016904e-14
2.1963853724165467 4.571093621422383e-14
2.3272024789604098 5.387927420371703e-14
2.4658110758226037 6.371398685986288e-14
2.612675225563329 7.534385311557757e-14
2.768286630392067 8.909654664661715e-14
2.933166278390045 1.0582892690818584e-13
3.107866187782014 1.2588711387053057e-13
3.2929712550971515 1.4974701059192282e-13
3.489101213406774 1.7812917058595627e-13
3.6969127071950285 2.1189071680441408e-13
3.9171014908092605 2.5205122619836713e-13
4.150404757850477 2.9982352028542e-13
4.397603609302721 3.5665029157840327e-13
4.659525668664682 4.2424767197006847e-13
4.937047852839004 5.046570588109446e-13
5.2310993080562636 6.003067637945256e-13
5.5426645206631076 7.140853464064158e-13
5.872786613189483 8.494288465603671e-13
6.222570836730231 1.0104245507906324e-12
6.593188271333548 1.2019344256728093e-12
6.985879746785249 1.429741946082986e-12
7.401959996915645 1.7007267524140504e-12
7.842822061337682 2.0230724112845994e-12
8.309941949353396 2.4065135539800506e-12
8.804883581643464 2.8626298560476913e-12
9.329304026284687 3.405195736040123e-12
9.884959046625585 4.050596334083875e-12
10.473708979594509 4.818322332558115e-12
11.097524964120721 5.731558562149081e-12
11.758495540521581 6.8178841688043974e-12
12.458833642950081 8.110105486177579e-12
13.200884008314194 9.647246765775188e-12
13.987131026472387 1.1475728684217688e-11
14.8202070579886 1.365077021777575e-11
15.702901247293775 1.6238056219888365e-11
16.638168860761308 1.931572106143178e-11
17.62914118095948 2.2976708238395414e-11
18.679135990207847 2.7331577205599716e-11
19.791668678535572 3.251184220102284e-11
20.97046401323235 3.867394389108482e-11
22.21946860939524 4.600397377801351e-11
23.542864143224204 5.4723294043358114e-11
24.945081352303166 6.509522254329755e-11
26.430814869741084 7.74329848383051e-11
28.00503894183631 9.210917340333306e-11
29.673024081888727 1.0956699968058517e-10
31.440354715915 1.3033367877960855e-10
33.31294787934677 1.55036351034045e-10
35.2970730273065 1.8442102123577957e-10
37.39937302478802 2.1937508749918567e-10
39.626886387014785 2.609541401126253e-10
41.987070844439145 3.104138396852963e-10
44.487828311275855 3.692478372888877e-10
47.13753134116729 4.3923288175794585e-10
49.9450511585514 5.224824763603143e-10
52.919787359584475 6.215107052346034e-10
56.07169938205458 7.393081571119113e-10
59.411339849650396 8.794322391693897e-10
62.94988990221888 1.0461146084357486e-09
66.69919663030129 1.244388965108089e-09
70.67181273927491 1.4802430670557632e-09
74.8810385759003 1.7607995562515641e-09
79.34096665797492 2.09453105797177e-09
84.06652885618334 2.4915160486226265e-09
89.0735463861044 2.96374321923649e-09
94.37878277775391 3.525473526219598e-09
100.0 1
