#Sensitivity curve for SKA5 Calculated by PLI
6.3419583967529205e-09 1
6.49908484954713e-09 2.8873896606036236e-13
6.660104220052768e-09 2.749462245294648e-13
6.8251129580275284e-09 2.618123470290597e-13
6.994209902839388e-09 2.532661041831659e-13
7.167496342670649e-09 2.529002060151924e-13
7.345076075189252e-09 2.577422652632803e-13
7.527055469722809e-09 2.66410456384567e-13
7.713543530973468e-09 2.7820668974631547e-13
7.904651964311084e-09 2.9281617410791395e-13
8.100495242684039e-09 3.10143236190529e-13
8.301190675188167e-09 3.3009876544268475e-13
8.506858477334033e-09 3.529061807364235e-13
8.717621843055642e-09 3.785015297173332e-13
8.933607018502705e-09 4.071575097915706e-13
9.154943377661647e-09 4.381763206550597e-13
9.38176349984986e-09 4.715582627497029e-13
9.614203249129884e-09 5.074833684190948e-13
9.852401855691548e-09 5.461453855569324e-13
1.0096501999249808e-08 5.877528225098456e-13
1.034664989450944e-08 6.325300725850055e-13
1.0602995378746669e-08 6.807186242269217e-13
1.0865692001561003e-08 7.325783633901773e-13
1.113489711685062e-08 7.883889751318565e-13
1.141077197706651e-08 8.484514519826307e-13
1.1693481829801932e-08 9.130897172313228e-13
1.1983196016774712e-08 9.826523718774245e-13
1.228008807526215e-08 1.0575145746731708e-12
1.2584335842048902e-08 1.1380800653943546e-12
1.289612155995029e-08 1.224783342251632e-12
1.3215631986974781e-08 1.318092005185314e-12
1.3543058508191037e-08 1.4185092776812837e-12
1.387859725036667e-08 1.5265767207085012e-12
1.4222449199446986e-08 1.6428771534145256e-12
1.4574820320944616e-08 1.7680377963308368e-12
1.4935921683311752e-08 1.902733654039481e-12
1.5305969584369044e-08 2.0476911555441566e-12
1.5685185680866822e-08 2.2036920719786314e-12
1.6073797121256466e-08 2.371577732781191e-12
1.647203668175092e-08 2.552253563073175e-12
1.6880142905756585e-08 2.7466939667124643e-12
1.7298360246759494e-08 2.9559475813564928e-12
1.7726939214751705e-08 3.18114293387604e-12
1.816613652628545e-08 3.4234945266199595e-12
1.8616215258244965e-08 3.684309387354757e-12
1.9077445005428322e-08 3.964994118203632e-12
1.9550102042033066e-08 4.267062481600334e-12
2.0034469487143163e-08 4.5921435641701244e-12
2.0530837474315804e-08 4.941990562566181e-12
2.103950332536989e-08 5.318490238644554e-12
2.1560771728480188e-08 5.723673094970307e-12
2.209495492068413e-08 6.159724325532719e-12
2.2642372874909885e-08 6.628995600727322e-12
2.3203353491638664e-08 7.13401775016316e-12
2.3778232795315317e-08 7.677514411694435e-12
2.4367355135625225e-08 8.262416720287475e-12
2.4971073393757946e-08 8.891879115941554e-12
2.558974919378116e-08 9.569296355917295e-12
2.6223753119251768e-08 1.0298321823021787e-11
2.6873464935193216e-08 1.1082887228688037e-11
2.7539273815572936e-08 1.1927223817110712e-11
2.822157857641547e-08 1.2835885184793422e-11
2.8920787914691163e-08 1.3813771838576193e-11
2.9637320653123516e-08 1.4866157624587053e-11
3.037160599106174e-08 1.599871817065176e-11
3.1124083761569134e-08 1.7217561495555185e-11
3.189520469488044e-08 1.8529260950231983e-11
3.268543068838714e-08 1.9940890668543612e-11
3.3495235083311456e-08 2.1460063718830134e-11
3.4325102948235316e-08 2.30949731619929e-11
3.517553136965387e-08 2.4854436237538295e-11
3.60470297497276e-08 2.6747941915882587e-11
3.694012011141184e-08 2.878570207337337e-11
3.785533741114539e-08 3.097870656601773e-11
3.879322985928681e-08 3.333878249893819e-11
3.975435924848961e-08 3.5878658011201354e-11
4.0739301290212955e-08 3.861203092001761e-11
4.1748645959569845e-08 4.155364259451761e-11
4.2782997848719366e-08 4.4719357457515735e-11
4.384297652901376e-08 4.812624854401852e-11
4.492921692211873e-08 5.17926895779086e-11
4.604236968032812e-08 5.573845406338036e-11
4.7183101576301175e-08 5.99848219255389e-11
4.835209590245584e-08 6.455469427528601e-11
4.955005288025764e-08 6.947271691743425e-11
5.0777690079648176e-08 7.476541326813638e-11
5.203574284886604e-08 8.04613273984746e-11
5.3324964754916524e-08 8.659117797565402e-11
5.4646128034954263e-08 9.3188023932023e-11
5.600002405884926e-08 1.0028744275539118e-10
5.7387463803213155e-08 1.0792772236218252e-10
5.880927833717044e-08 1.1615006758821997e-10
6.026631932016377e-08 1.249988224107582e-10
6.1759459512094e-08 1.3452170910024443e-10
6.328959329609868e-08 1.4477008559156897e-10
6.485763721428278e-08 1.5579922246283834e-10
6.646453051672269e-08 1.6766860101544772e-10
6.81112357240719e-08 1.8044223406302773e-10
6.97987392041064e-08 1.9418901115932213e-10
7.152805176255293e-08 2.089830701268285e-10
7.33002092485569e-08 2.2490419688991928e-10
7.511627317515045e-08 2.4203825576876735e-10
7.697733135509314e-08 2.6047765255470466e-10
7.888449855246611e-08 2.8032183286442534e-10
8.083891715040977e-08 3.016778184607108e-10
8.284175783540596e-08 3.2466078443212084e-10
8.489422029851197e-08 3.493946803444131e-10
8.699753395396989e-08 3.760128987136669e-10
8.915295867561913e-08 4.0465899440622406e-10
9.136178555155401e-08 4.354874588452612e-10
9.362533765747973e-08 4.686645531993854e-10
9.594497084922565e-08 5.043692050466649e-10
9.832207457489856e-08 5.427939733500206e-10
1.0075807270715258e-07 5.841460869480397e-10
1.0325442439608246e-07 6.286485621620318e-10
1.0581262494324662e-07 6.76541405546629e-10
1.0843420669734467e-07 7.280829082705082e-10
1.111207399720874e-07 7.835510391079994e-10
1.1387383398680394e-07 8.432449435540295e-10
1.166951378303589e-07 9.074865571474722e-10
1.1958634144894542e-07 9.766223417035007e-10
1.225491766583552e-07 1.0510251538188151e-09
1.2558541818132683e-07 1.1310962557266921e-09
1.2869688471059522e-07 1.2172674793466316e-09
1.318854399982799e-07 1.3100035551995905e-09
1.3515299397226134e-07 1.409804618748779e-09
1.3850150388021867e-07 1.517208907683133e-09
1.4193297546201054e-07 1.6327956646900712e-09
1.4544946415110277e-07 1.7571882613725639e-09
1.4905307630576218e-07 1.8910575601581033e-09
1.527459704707539e-07 2.0351255323307e-09
1.5653035867029946e-07 2.1901691516984113e-09
1.6040850773306596e-07 2.357024584895174e-09
1.6438274064998575e-07 2.5365917009159275e-09
1.6845543796571542e-07 2.729838924205247e-09
1.7262903920456967e-07 2.9378084574727734e-09
1.7690604433178345e-07 3.1616219024026332e-09
1.8128901525097775e-07 3.402486308569906e-09
1.8578057733872786e-07 3.6617006831866943e-09
1.903834210171479e-07 3.9406629967852614e-09
1.9510030336544104e-07 4.240877722621012e-09
1.999340497713752e-07 4.563963950455832e-09
2.048875556236754e-07 4.91166411848038e-09
2.0996378804634627e-07 5.28585341046749e-09
2.1516578767596366e-07 5.6885498688365264e-09
2.2049667048300144e-07 6.121925278169663e-09
2.2595962963827895e-07 6.588316877875597e-09
2.3155793742565536e-07 7.090239967168953e-09
2.3729494720210995e-07 7.63040147034489e-09
2.431740954063849e-07 8.211714535508001e-09
2.4919890361739673e-07 8.837314245488362e-09
2.5537298066363777e-07 9.51057452567416e-09
2.6170002478485263e-07 1.0235126339948811e-08
2.6818382584725907e-07 1.101487727286256e-08
2.7482826761366017e-07 1.1854032603649424e-08
2.816373300697976e-07 1.2757117985742706e-08
2.886150918083414e-07 1.3729003854102447e-08
2.9576573247194874e-07 1.4774931691986595e-08
3.030935352568412e-07 1.5900542298823533e-08
3.106028894784254e-07 1.7111906211641066e-08
3.182982932004632e-07 1.8415556444113577e-08
3.26184355929391e-07 1.9818523719795993e-08
3.342658013753899e-07 2.1328374389559357e-08
3.4254747028186206e-07 2.2953251237720893e-08
3.5103432332501363e-07 2.470191739694156e-08
3.5973144408526964e-07 2.6583803608726225e-08
3.686440420923145e-07 2.8609059084410354e-08
3.777774559455726e-07 3.07886062409299e-08
3.8713715651200094e-07 3.313419960657068e-08
3.9672875020311013e-07 3.56584892143825e-08
4.065579823331744e-07 3.837508882514474e-08
4.1663074056064796e-07 4.1298649347818696e-08
4.2695305841483663e-07 4.44449378534475e-08
4.3753111890995363e-07 4.783092260863838e-08
4.483712582487117e-07 5.1474864587218567e-08
4.5947996961767514e-07 5.539641595359804e-08
4.7086390707664474e-07 5.961672604897028e-08
4.825298895444036e-07 6.415855545194537e-08
4.944849048832173e-07 6.90463987287586e-08
5.067361140845216e-07 7.430661653505422e-08
5.192908555583218e-07 7.99675777816902e-08
5.321566495288614e-07 8.60598126312737e-08
5.453412025391963e-07 9.261617715055657e-08
5.588524120673748e-07 9.967203050667772e-08
5.726983712569831e-07 1.0726542566288955e-07
5.86887373764901e-07 1.1543731460221523e-07
6.014279187291521e-07 1.2423176918581984e-07
6.163287158598472e-07 1.3369621883722037e-07
6.315986906562538e-07 1.438817063341813e-07
6.47246989753122e-07 1.5484316308781155e-07
6.632829863994773e-07 1.66639705393478e-07
6.797162860731333e-07 1.7933495325122703e-07
6.965567322343407e-07 1.9299737347518566e-07
7.138144122219536e-07 2.0770064894231905e-07
7.314996632956998e-07 2.2352407597198226e-07
7.496230788281432e-07 2.405529919793552e-07
7.681955146500569e-07 2.588792357091437e-07
7.872280955530167e-07 2.7860164253165e-07
8.06732221953076e-07 2.998265774723579e-07
8.267195767195766e-07 1
