#Sensitivity curve for TianQin Calculated by PLI
1e-05 1
1.0473708979594487e-05 5.722555665460554e-09
1.0969857978923841e-05 5.216617823544452e-09
1.1489510001873086e-05 4.755410538192055e-09
1.2033778407775906e-05 4.33497912856166e-09
1.2603829296797274e-05 3.9517185517719326e-09
1.3200884008314168e-05 3.602342491000608e-09
1.3826221737646564e-05 3.2838551765407595e-09
1.448118227674533e-05 2.9935256981904125e-09
1.516716888470924e-05 2.7288645887137325e-09
1.588565129428053e-05 2.4876024775859895e-09
1.6638168860761273e-05 2.267670631985732e-09
1.742633386009651e-05 2.067183218180723e-09
1.8251834943190425e-05 1.884421131205494e-09
1.9116440753857038e-05 1.7178172541759327e-09
2.0022003718155845e-05 1.5659430208452496e-09
2.0970464013232308e-05 1.427496166179969e-09
2.1963853724165468e-05 1.3012895599219105e-09
2.3004301197729168e-05 1.186241027388006e-09
2.409403560239527e-05 1.0813640702250692e-09
2.523539170434766e-05 9.85759407553565e-10
2.643081486974103e-05 8.98607264968686e-10
2.7682866303920665e-05 8.191603452799113e-10
2.899422853882875e-05 7.467374207156999e-10
3.0367711180354606e-05 6.807174916488338e-10
3.180625692794119e-05 6.205344617557344e-10
3.33129478793467e-05 5.656722839511283e-10
3.489101213406774e-05 5.1566053547634e-10
3.654383070957255e-05 4.70070384199202e-10
3.827494478516315e-05 4.2851091153808695e-10
4.008806328898465e-05 3.9062576048056123e-10
4.1987070844439056e-05 3.560900799546021e-10
4.3976036093027215e-05 3.246077393515484e-10
4.6059220411451034e-05 2.95908789316335e-10
4.824108704165374e-05 2.697471470322202e-10
5.0526310653356795e-05 2.458984861522185e-10
5.2919787359584364e-05 2.2415831328414523e-10
5.542664520663107e-05 2.0434021453588136e-10
5.8052255160948955e-05 1.8627425708562169e-10
6.080224261649427e-05 1.6980553207115913e-10
6.368249944718586e-05 1.547928263040445e-10
6.669919663030115e-05 1.411074114190403e-10
6.985879746785249e-05 1.2863194007629517e-10
7.316807143427192e-05 1.1725943975157497e-10
7.663410868007462e-05 1.0689239548667163e-10
8.026433522257174e-05 9.744191373492892e-11
8.406652885618316e-05 8.882696013215688e-11
8.804883581643464e-05 8.097366465711598e-11
9.221978823334323e-05 7.381468822357513e-11
9.658832241158708e-05 6.728864527270417e-11
0.0001011637979766207 6.133957741475284e-11
0.0001059560179277616 5.59164736066805e-11
0.00011097524964120722 5.097283275144642e-11
0.00011623224686798518 4.646626496840667e-11
0.00012173827277396621 4.2358128115861884e-11
0.00012750512407130128 3.861319644907323e-11
0.00013354515629298989 3.519935857260865e-11
0.00013987131026472387 3.2087342097077684e-11
0.00014649713983072847 2.9250462639285306e-11
0.00015343684089300132 2.6664395013575878e-11
0.00016070528182616383 2.440879187810296e-11
0.00016831803533309567 2.2356115827994397e-11
0.0001762914118095948 2.047606114266831e-11
0.00018464249428955425 1.8754111096225483e-11
0.00019338917504552322 1.7176969757950863e-11
0.00020255019392306664 1.5732459328607804e-11
0.00021214517849106298 1.4409426110314412e-11
0.0002221946860939524 1.3197654383956028e-11
0.00023272024789604073 1.209187248792578e-11
0.00024374441501222218 1.1127425546952497e-11
0.00025529080682395165 1.0239902829492322e-11
0.0002673841615839947 9.423168864622219e-12
0.0002800503894183631 8.67157754616974e-12
0.00029331662783900426 7.979933101013152e-12
0.0003072112998861759 7.343454170547376e-12
0.0003217641750250735 6.7577407570100066e-12
0.00033700643292719284 6.218743806165825e-12
0.00035297073027306503 5.722737216074676e-12
0.0003696912707195028 5.29099988213493e-12
0.0003872038781812557 4.892039577348225e-12
0.0004055460735840828 4.523162305701055e-12
0.00042475715525368984 4.182099698957228e-12
0.00044487828311275856 3.8667544319542875e-12
0.0004659525668664682 3.5751873253443086e-12
0.0004880251583654434 3.305605420834156e-12
0.0005111433483440165 3.0563509555952703e-12
0.0005353566677410725 2.827479453137335e-12
0.0005607169938205458 2.6266532193147046e-12
0.0005872786613189483 2.4400909887712596e-12
0.0006150985788580505 2.2667796379440283e-12
0.0006442363508721371 2.105778001985542e-12
0.0006747544053110693 1.9562117637813848e-12
0.0007067181273927492 1.817268705983447e-12
0.0007401959996915645 1.6881943002750583e-12
0.0007752597488629464 1.5682876099155992e-12
0.0008119844993184008 1.46306748551602e-12
0.0008504489341802677 1.3655849200168103e-12
0.000890735463861044 1.2745975098473336e-12
0.0009329304026284687 1.189672490004521e-12
0.0009771241535346503 1.1104059301379607e-12
0.0010234114021054528 1.0364208133289408e-12
0.0010718913192051276 9.673652428783076e-13
0.0011226677735108135 9.055442627652963e-13
0.0011758495540521569 8.492100172650042e-13
0.0012315506032928262 7.963803461368095e-13
0.001289890261253308 7.468372285051255e-13
0.0013509935211980266 7.003762066541482e-13
0.0014149912974345759 6.568055422586473e-13
0.0014820207057988585 6.171149825029122e-13
0.001552225357427048 5.814636728958264e-13
0.0016257556664437951 5.478719727824939e-13
0.0017027691722258996 5.162208965965079e-13
0.0017834308769319094 4.863983326788954e-13
0.0018679135990207828 4.587668049973808e-13
0.001956398343517065 4.3430972543275626e-13
0.0020490746898158482 4.1115646457147883e-13
0.0021461411978584036 3.8923751520984933e-13
0.002247805833548725 3.6848707560670846e-13
0.0023542864143224177 3.503910235565586e-13
0.002465811075822604 3.332818105156167e-13
0.0025826187606826775 3.1700802176125923e-13
0.0027049597304631343 3.021150310658429e-13
0.002833096101839324 2.8872344100176625e-13
0.0029673024081888696 2.7592544829632345e-13
0.003107866187782014 2.643008318506289e-13
0.00325508859983506 2.5378112223437196e-13
0.003409285069746811 2.437170464466688e-13
0.003570785964900463 2.351244331602339e-13
0.0037399373024787977 2.2683476545830655e-13
0.0039171014908092605 2.198148980920644e-13
0.004102658105827195 2.1320844835969382e-13
0.00429700470432084 2.0764353225971611e-13
0.004500557675700498 2.0275311447069987e-13
0.004713753134116724 1.9852665900347136e-13
0.004937047852839003 1.9517984818310018e-13
0.005170920242896761 1.9267012350126205e-13
0.0054158713780794706 1.9093531343495086e-13
0.005672426068491977 1.900287639500145e-13
0.0059411339849650335 1.8999620318896342e-13
0.006222570836730231 1.9088142195502988e-13
0.006517339604882427 1.9273053550699955e-13
0.006826071834272386 1.9559524001208514e-13
0.007149428986597577 1.9953535085703676e-13
0.007488103857590023 2.0465302253326378e-13
0.007842822061337682 2.1106046271462325e-13
0.00821434358491943 2.1877679137280966e-13
0.008603464416684501 2.2789927770739895e-13
0.009011018251665018 2.385352652333774e-13
0.009437878277775381 2.5079998494807965e-13
0.009884959046625586 2.6481290852114455e-13
0.010353218432956626 2.8078405404164335e-13
0.010843659686896108 2.990300272561342e-13
0.01135733358343105 3.1955726215401014e-13
0.011895340673703195 3.424943125970685e-13
0.012458833642950081 3.6833235351487167e-13
0.01304901978014403 3.9756954518255255e-13
0.013667163564620072 4.2985400245864025e-13
0.014314589375234785 4.666697197207735e-13
0.014992684327860457 5.074552851751949e-13
0.015702901247293774 5.535253294296761e-13
0.016446761779946643 6.049093383657318e-13
0.017225859653987874 6.629504652431566e-13
0.018041864093920716 7.275964795341462e-13
0.018896523396912095 8.011843390491872e-13
0.019791668678535573 8.825139035145639e-13
0.02072921779595372 9.76370142637687e-13
0.021711179456945052 1.0802080869637028e-12
0.022739657523579274 1.1992414513735601e-12
0.023816855519761582 1.333062885230099e-12
0.024945081352303167 1.4841215113817429e-12
0.026126752255633292 1.6575419835529948e-12
0.02736439997074672 1.851226739974193e-12
0.0286606761694825 2.0763928468349305e-12
0.03001835813575589 2.329998670298274e-12
0.031440354715915 2.6209236266246108e-12
0.03292971255097151 2.9549598655592767e-12
0.0344896226040576 3.334821100594335e-12
0.0361234269970943 3.7776423043004245e-12
0.03783462617131929 4.279836299196978e-12
0.03962688638701478 4.871094129843324e-12
0.04150404757850477 5.544314506446007e-12
0.043470131581250265 6.340131912941936e-12
0.04552935074866948 7.256119299078322e-12
0.04768611697714469 8.336925526154478e-12
0.0499450511585514 9.578718921762302e-12
0.05231099308056263 1.1005478685671906e-11
0.05478901179593945 1.2644755743442857e-11
0.05738441648302393 1.4528204758552855e-11
0.06010276782070382 1.6692195388265335e-11
0.06294988990221888 1.917851458666946e-11
0.06593188271333549 2.2035173516460782e-11
0.0690551352016233 2.5317334651038532e-11
0.07232633896483534 2.908837696938747e-11
0.07575250258771912 3.342111981280324e-11
0.07934096665797492 3.83992290363002e-11
0.08309941949353396 4.41188326076787e-11
0.08703591361485166 5.069037685168894e-11
0.09115888299750828 5.824075918361965e-11
0.09547716114208056 6.691577851568783e-11
0.1 1
