#Sensitivity curve for SKA10 Calculated by PLI
3.17097919837646e-09 1
3.260880809060852e-09 8.960453523840942e-15
3.3533312537482503e-09 8.473189667844189e-15
3.4484027953795013e-09 8.027811680106751e-15
3.54616974564898e-09 7.884358229028759e-15
3.6467085230895044e-09 7.997198425045851e-15
3.750097712804184e-09 8.278759618394486e-15
3.856418127891601e-09 8.692381050010075e-15
3.965752872612554e-09 9.221249809152694e-15
4.078187407347649e-09 9.859295402474596e-15
4.19380961539653e-09 1.0607376210327394e-14
4.312709871670975e-09 1.1469261866233929e-14
4.4349811133354455e-09 1.2453664552566652e-14
4.560718912450575e-09 1.3543214562169762e-14
4.690021550676018e-09 1.4728087455925983e-14
4.822990096091315e-09 1.6016622871450098e-14
4.9597284821947245e-09 1.7417890067120727e-14
5.10034358914179e-09 1.8941751755364845e-14
5.244945327287037e-09 2.0598933520607096e-14
5.393646723094396e-09 2.2401099310480227e-14
5.546564007483094e-09 2.4360933531631103e-14
5.703816706678381e-09 2.6492230327951098e-14
5.865527735637977e-09 2.8809990669607156e-14
6.031823494127284e-09 3.1330527936227724e-14
6.202833965518493e-09 3.4071582737383174e-14
6.378692818390654e-09 3.7052447778513415e-14
6.559537511010489e-09 4.0294103651167983e-14
6.745509398775147e-09 4.381936650330017e-14
6.936753844701214e-09 4.7653048628986843e-14
7.133420333046228e-09 5.1822133107870545e-14
7.335662586151514e-09 5.635596372351026e-14
7.543638684597699e-09 6.128645149736771e-14
7.757511190766661e-09 6.664829929209857e-14
7.977447275906922e-09 7.247924606501214e-14
8.203618850801214e-09 7.882033249084525e-14
8.43620270013882e-09 8.571618982342624e-14
8.675380620697494e-09 9.321535402935525e-14
8.921339563443062e-09 1.0137060740470883e-13
9.174271779657753e-09 1.1023935007921164e-13
9.43437497121129e-09 1.1988400402267196e-13
9.701852445092756e-09 1.303724523972704e-13
9.976913272323257e-09 1.4177851734802015e-13
1.025977245137419e-08 1.5418247959431437e-13
1.0550651076218595e-08 1.676716434796549e-13
1.0849776509146918e-08 1.8234095145662106e-13
1.115738255848253e-08 1.9829365233209596e-13
1.1473709661335542e-08 2.1564202797612744e-13
1.1799005071537938e-08 2.345081836093141e-13
1.2133523052907122e-08 2.5502490723110746e-13
1.247752507798854e-08 2.7733660423802717e-13
1.2831280032433048e-08 3.016003138100488e-13
1.3195064425168523e-08 3.2798681421890325e-13
1.3569162604530413e-08 3.566818248379484e-13
1.3953866980519472e-08 3.878873133138159e-13
1.4349478253361231e-08 4.2182291710032457e-13
1.4756305648545132e-08 4.587274893599609e-13
1.517466715852751e-08 4.988607801136758e-13
1.5604889791287026e-08 5.425052644716112e-13
1.6047309825927243e-08 5.899681308126637e-13
1.650227307552569e-08 6.415834429064871e-13
1.6970135157434972e-08 6.977144911958749e-13
1.7451261771247628e-08 7.587563497888958e-13
1.7946028984641327e-08 8.251386571578958e-13
1.8454823527328397e-08 8.973286401171737e-13
1.8978043093338955e-08 9.758344023633003e-13
1.9516096651874602e-08 1.06120850072432e-12
2.0069404766974896e-08 1.1540518342888862e-12
2.0638399926246784e-08 1.2550178737887053e-12
2.1223526878914337e-08 1.3648172610025455e-12
2.1825242983452265e-08 1.4842228105542502e-12
2.244401856507555e-08 1.614074949309615e-12
2.308033728336414e-08 1.755287631656835e-12
2.3734696510310765e-08 1.9088547723049064e-12
2.4407607719086532e-08 2.0758572418765848e-12
2.50995968838285e-08 2.2574704745338885e-12
2.581120489076227e-08 2.454972741181997e-12
2.654298796097997e-08 2.6697541464816074e-12
2.7295518085204834e-08 2.9033264129947346e-12
2.8069383470881684e-08 3.157333521328755e-12
2.8865189001943608e-08 3.433563281168819e-12
2.968355671161284e-08 3.733959914639996e-12
3.0525126268607036e-08 4.060637740566754e-12
3.1390555477129523e-08 4.41589605594489e-12
3.2280520791035337e-08 4.802235319368346e-12
3.319571784257416e-08 5.222374750316468e-12
3.413686198612452e-08 5.679271468173351e-12
3.5104688857343015e-08 6.17614130568733e-12
3.609995494816613e-08 6.716481443364707e-12
3.7123438198114854e-08 7.30409502410861e-12
3.817593860236278e-08 7.943117921350479e-12
3.925827883704434e-08 8.638047849080304e-12
4.037130490229078e-08 9.393776018663755e-12
4.151588678349798e-08 1.0215621565261132e-11
4.2692919131341373e-08 1.1109368986154914e-11
4.390332196107019e-08 1.20813088544931e-11
4.514804137162845e-08 1.3138282095009532e-11
4.642805028516314e-08 1.428772813335137e-11
4.7744349207499014e-08 1.553773725791e-11
4.909796701017331e-08 1.6897107562699313e-11
5.048996173464328e-08 1.8375406872070922e-11
5.192142141929267e-08 1.9983040083116393e-11
5.339346494988644e-08 2.1731322399743548e-11
5.490724293413594e-08 2.363255897387697e-11
5.64639386010597e-08 2.570013151433269e-11
5.8064768725842375e-08 2.794859247295657e-11
5.97109845809141e-08 3.039376747094761e-11
6.140387291399554e-08 3.3052866686288436e-11
6.314475695387013e-08 3.5944605986270906e-11
6.493499744467307e-08 3.9089338657703735e-11
6.677599370950253e-08 4.250919866197072e-11
6.866918474418646e-08 4.62282564232325e-11
7.061605034205833e-08 5.027268824627269e-11
7.261811225062322e-08 5.4670960556426654e-11
7.467693536101577e-08 5.945403025834775e-11
7.679412893118074e-08 6.465556262382128e-11
7.897134784373394e-08 7.031216824221814e-11
8.121029389948356e-08 7.646366070133816e-11
8.351271714762566e-08 8.315333681231608e-11
8.588041725365147e-08 9.042828135092714e-11
8.831524490603845e-08 9.833969846019791e-11
9.081910326282145e-08 1.0694327204686565e-10
9.339394943917611e-08 1.1629955770831266e-10
9.604179603717885e-08 1.2647440894852957e-10
9.876471271893602e-08 1.3753944068298544e-10
1.015648278243143e-07 1.4957253329475631e-10
1.0444433003453497e-07 1.6265838078966702e-10
1.0740547008293552e-07 1.7688908690860574e-10
1.1045056251423057e-07 1.9236481339268187e-10
1.1358198749365346e-07 2.0919448496401863e-10
1.168021926673872e-07 2.2749655598410954e-10
1.2011369507574205e-07 2.4739984418581995e-10
1.235190831205746e-07 2.690444373471905e-10
1.2702101858848447e-07 2.925826792885858e-10
1.306222387313742e-07 3.1818024213308225e-10
1.3432555840599212e-07 3.4601729237707403e-10
1.3813387227413798e-07 3.7628975897844757e-10
1.4205015706524456e-07 4.092107123876207e-10
1.4607747390310832e-07 4.450118642276842e-10
1.5021897069858418e-07 4.839451981790024e-10
1.5447788461011936e-07 5.262847435471678e-10
1.5885754457404436e-07 5.723285039973918e-10
1.6336137390660078e-07 6.224005550305932e-10
1.6799289297974326e-07 6.768533249641464e-10
1.7275572197280075e-07 7.360700754717382e-10
1.7765358370215324e-07 8.004675991414732e-10
1.8269030653113153e-07 8.704991530387407e-10
1.8786982736242023e-07 9.466576489215755e-10
1.931961947152963e-07 1.0294791225625094e-09
1.9867357189011135e-07 1.1195465065955096e-09
2.04306240222495e-07 1.2174937334429565e-09
2.1009860242981527e-07 1.3240101972006944e-09
2.160551860525184e-07 1.4398456058858777e-09
2.2218064699303237e-07 1.5658152581997116e-09
2.2847977315500855e-07 1.7028057819453268e-09
2.3495748818573363e-07 1.8517813744899633e-09
2.416188553246513e-07 2.013790589194768e-09
2.4846908136098946e-07 2.1899737155777246e-09
2.5551352070359416e-07 2.3815708051545834e-09
2.6275767956614857e-07 2.5899303994470162e-09
2.7020722027104653e-07 2.816519021589348e-09
2.778679656752922e-07 3.0629314983400387e-09
2.8574590372187233e-07 3.3309021851482215e-09
2.938471921201741e-07 3.6223171732825595e-09
3.0217816315909336e-07 3.939227564940902e-09
3.107453286566042e-07 4.2838639097769234e-09
3.1955538504965246e-07 4.6586519044538726e-09
3.2861521862836086e-07 5.066229465725948e-09
3.3793191091862227e-07 5.509465297214247e-09
3.4751274421730595e-07 5.99147908055889e-09
3.573652072843878e-07 6.515663433060528e-09
3.674970011964631e-07 7.085707786358813e-09
3.779160453662149e-07 7.705624354216067e-09
3.8863048373253835e-07 8.379776372178014e-09
3.996486911261727e-07 9.112908807875219e-09
4.1097927981579503e-07 9.910181758115906e-09
4.226311062397175e-07 1.0777206767834694e-08
4.346132779284282e-07 1.1720086326524017e-08
4.4693516062339954e-07 1.2745456820141637e-08
4.596063855977249e-07 1.3860535240807802e-08
4.726368571843006e-07 1.5073169983054325e-08
4.860367605174527e-07 1.639189608415222e-08
4.998165694940349e-07 1.7825995297320796e-08
5.13987054960249e-07 1.9385561420641328e-08
5.285592931305631e-07 2.1081571341485732e-08
5.435446742453211e-07 2.2925962296502292e-08
5.589549114738088e-07 2.4931715890946768e-08
5.748020500697276e-07 2.7112949468721626e-08
5.910984767862513e-07 2.9485015476226874e-08
6.078569295579952e-07 3.206460951938339e-08
6.25090507457501e-07 3.486988787438486e-08
6.42812680933986e-07 3.792059527926393e-08
6.610373023423844e-07 4.123820390572739e-08
6.797786167708982e-07 4.484606448940139e-08
6.990512731755212e-07 4.8769570682204876e-08
7.188703358302466e-07 5.3036337783634805e-08
7.39251296101906e-07 5.767639710894908e-08
7.602100845588322e-07 6.272240736229065e-08
7.817630834228263e-07 6.820988450248945e-08
8.039271393741546e-07 7.417745171943386e-08
8.267195767195766e-07 1
