#   sigma=12
# k   Delta_s   Delta_d
1.0  5.788820817025641e-05
1.1787686347935873  6.088795949164405e-05
1.3894954943731377  6.143478710826867e-05
1.637893706954064  5.995296076920524e-05
1.93069772888325  5.6955812925925014e-05
2.2758459260747883  5.2936345598954805e-05
2.6826957952797255  4.832027736504985e-05
3.1622776601683795  4.345077303434811e-05
3.72759372031494  3.8588380405210164e-05
4.39397056076079  3.391822219588361e-05
5.17947467923121  2.956091583508394e-05
6.1054022965853285  2.558516179881267e-05
7.196856730011519  2.202036452875016e-05
8.483428982440719  1.886774474637514e-05
10.0  1.6109926237822502e-05
