#   sigma=96.0
# k   Delta_s   Delta_d
1.0  2.9008108745095188e-06
1.1787686347935873  2.994958675844805e-06
1.3894954943731377  2.9851809129476647e-06
1.637893706954064  2.8906498644298404e-06
1.93069772888325  2.7329455930167114e-06
2.2758459260747883  2.532713325019726e-06
2.6826957952797255  2.308078625312092e-06
3.1622776601683795  2.073907633106925e-06
3.72759372031494  1.8416096770033878e-06
4.39397056076079  1.6193187982632012e-06
5.17947467923121  1.4123129647859735e-06
6.1054022965853285  1.2235954930555364e-06
7.196856730011519  1.0543740670299025e-06
8.483428982440719  9.044985594026408e-07
10.0  7.734087753928368e-07
