#   sigma=41.0
# k   Delta_s   Delta_d
1.0  1.1406975043402045e-05
1.1787686347935873  1.1634966469649723e-05
1.3894954943731377  1.144146744486646e-05
1.637893706954064  1.0925350357267395e-05
1.93069772888325  1.0187947814680185e-05
2.2758459260747883  9.317924965911573e-06
2.6826957952797255  8.386978254855928e-06
3.1622776601683795  7.449796294546172e-06
3.72759372031494  6.5455041224349546e-06
4.39397056076079  5.69982659413262e-06
5.17947467923121  4.927635443116411e-06
6.1054022965853285  4.2355179547877034e-06
7.196856730011519  3.624124042009647e-06
8.483428982440719  3.090175492097649e-06
10.0  2.629061136459435e-06
