#   sigma=43.0
# k   Delta_s   Delta_d
1.0  1.0507115623881525e-05
1.1787686347935873  1.0699222985181857e-05
1.3894954943731377  1.050442452741072e-05
1.637893706954064  1.0015725150365117e-05
1.93069772888325  9.327154794473855e-06
2.2758459260747883  8.520231901935194e-06
2.6826957952797255  7.660475645906789e-06
3.1622776601683795  6.7976195596450286e-06
3.72759372031494  5.967048562572574e-06
4.39397056076079  5.19188256359421e-06
5.17947467923121  4.485212622748721e-06
6.1054022965853285  3.852767278841561e-06
7.196856730011519  3.2947963421293244e-06
8.483428982440719  2.808015672999277e-06
10.0  2.3886339072505517e-06
