#   sigma=45.0
# k   Delta_s   Delta_d
1.0  9.696726138173321e-06
1.1787686347935873  9.858202632819532e-06
1.3894954943731377  9.663925730590836e-06
1.637893706954064  9.20137137509438e-06
1.93069772888325  8.557854603724026e-06
2.2758459260747883  7.808432787289502e-06
2.6826957952797255  7.013103242130154e-06
3.1622776601683795  6.217201960696247e-06
3.72759372031494  5.4528168260655955e-06
4.39397056076079  4.740730107547517e-06
5.17947467923121  4.0926504653685635e-06
6.1054022965853285  3.5134175601937036e-06
7.196856730011519  3.003005533991645e-06
8.483428982440719  2.5581882463501086e-06
10.0  2.1738371920733383e-06
