#   sigma=18
# k   Delta_s   Delta_d
1.0  3.4215625462476296e-05
1.1787686347935873  3.4782116320642835e-05
1.3894954943731377  3.4038104638777984e-05
1.637893706954064  3.2331747319100875e-05
1.93069772888325  2.999217959611232e-05
2.2758459260747883  2.7292226335147912e-05
2.6826957952797255  2.4446083559432688e-05
3.1622776601683795  2.1613707905021323e-05
3.72759372031494  1.890683434385388e-05
4.39397056076079  1.6396520308574515e-05
5.17947467923121  1.4121477410267529e-05
6.1054022965853285  1.2096181778734146e-05
7.196856730011519  1.0318168450996426e-05
8.483428982440719  8.774025729971232e-06
10.0  7.444023780834465e-06
