#   sigma=60.0
# k   Delta_s   Delta_d
1.0  5.613994973284217e-06
1.1787686347935873  5.650720178566912e-06
1.3894954943731377  5.4877060209000405e-06
1.637893706954064  5.180661199869627e-06
1.93069772888325  4.781216177605846e-06
2.2758459260747883  4.331848407543183e-06
2.6826957952797255  3.8655947366204595e-06
3.1622776601683795  3.4067663057959062e-06
3.72759372031494  2.9719889057388795e-06
4.39397056076079  2.5714941230546538e-06
5.17947467923121  2.2105092210875605e-06
6.1054022965853285  1.890577115530251e-06
7.196856730011519  1.6107230255729526e-06
8.483428982440719  1.3684571568225337e-06
10.0  1.1601773778526519e-06
