#   sigma=13
# k   Delta_s   Delta_d
1.0  5.383266424425742e-05
1.1787686347935873  5.6222527194838564e-05
1.3894954943731377  5.636742134232312e-05
1.637893706954064  5.469654727360463e-05
1.93069772888325  5.170214946244571e-05
2.2758459260747883  4.784114552871768e-05
2.6826957952797255  4.349846974787753e-05
3.1622776601683795  3.897885800259341e-05
3.72759372031494  3.450989483319966e-05
4.39397056076079  3.0250192057259328e-05
5.17947467923121  2.6300358255084516e-05
6.1054022965853285  2.271497430220896e-05
7.196856730011519  1.9514234839120816e-05
8.483428982440719  1.6694181707158014e-05
10.0  1.4235123273318753e-05
