#   sigma=56.0
# k   Delta_s   Delta_d
1.0  6.4373707490988454e-06
1.1787686347935873  6.494737159376244e-06
1.3894954943731377  6.3211235087562205e-06
1.637893706954064  5.979229453679821e-06
1.93069772888325  5.528107597190753e-06
2.2758459260747883  5.016770122492579e-06
2.6826957952797255  4.4835500773253324e-06
3.1622776601683795  3.956828930849758e-06
3.72759372031494  3.456180672939392e-06
4.39397056076079  2.993809100344588e-06
5.17947467923121  2.576111708404194e-06
6.1054022965853285  2.2051908059468372e-06
7.196856730011519  1.880181539397992e-06
8.483428982440719  1.5972027039823391e-06
10.0  1.3558186114974928e-06
