#   sigma=42.0
# k   Delta_s   Delta_d
1.0  1.094519312485051e-05
1.1787686347935873  1.1154538591666597e-05
1.3894954943731377  1.0960139588041941e-05
1.637893706954064  1.0457890081518315e-05
1.93069772888325  9.74539598847908e-06
2.2758459260747883  8.907658945086001e-06
2.6826957952797255  8.01319965656783e-06
3.1622776601683795  7.11415565445929e-06
3.72759372031494  6.247724027287918e-06
4.39397056076079  5.438266594767459e-06
5.17947467923121  4.699778010165539e-06
6.1054022965853285  4.038354382935334e-06
7.196856730011519  3.454455396848737e-06
8.483428982440719  2.94477803691811e-06
10.0  2.5048240153755534e-06
