#   sigma=90.0
# k   Delta_s   Delta_d
1.0  3.225913354070422e-06
1.1787686347935873  3.331263447466182e-06
1.3894954943731377  3.3210356939955405e-06
1.637893706954064  3.216493541739943e-06
1.93069772888325  3.0415933971253565e-06
2.2758459260747883  2.8192726705367047e-06
2.6826957952797255  2.5696841369411982e-06
3.1622776601683795  2.309355213309741e-06
3.72759372031494  2.051002620893537e-06
4.39397056076079  1.803692863122803e-06
5.17947467923121  1.5733285527118502e-06
6.1054022965853285  1.3632380115963055e-06
7.196856730011519  1.1748404003062382e-06
8.483428982440719  1.0080032632786963e-06
10.0  8.619457905029642e-07
