#   sigma=38.0
# k   Delta_s   Delta_d
1.0  1.2952192497056177e-05
1.1787686347935873  1.324630423751046e-05
1.3894954943731377  1.3059564611899663e-05
1.637893706954064  1.2500308259353379e-05
1.93069772888325  1.1682015806289541e-05
2.2758459260747883  1.0705526091444754e-05
2.6826957952797255  9.653225722107866e-06
3.1622776601683795  8.58851682183854e-06
3.72759372031494  7.557098536417206e-06
4.39397056076079  6.589414373835685e-06
5.17947467923121  5.7033963422269235e-06
6.1054022965853285  4.907393196008243e-06
7.196856730011519  4.202789035135869e-06
8.483428982440719  3.586346679315236e-06
10.0  3.051715283532606e-06
