#   sigma=84.0
# k   Delta_s   Delta_d
1.0  3.609132712039859e-06
1.1787686347935873  3.7278074122580968e-06
1.3894954943731377  3.7171586036425978e-06
1.637893706954064  3.600904566789175e-06
1.93069772888325  3.4058053873527285e-06
2.2758459260747883  3.157494698394745e-06
2.6826957952797255  2.878508258864389e-06
3.1622776601683795  2.5873595869542416e-06
3.72759372031494  2.2982889099384985e-06
4.39397056076079  2.0214693155295707e-06
5.17947467923121  1.7635465374243265e-06
6.1054022965853285  1.5282372575462333e-06
7.196856730011519  1.317136032150428e-06
8.483428982440719  1.1302494626230049e-06
10.0  9.665556641494781e-07
