#   sigma=37.0
# k   Delta_s   Delta_d
1.0  1.3525345046767132e-05
1.1787686347935873  1.3845104568149814e-05
1.3894954943731377  1.3662015500393172e-05
1.637893706954064  1.3087774290110034e-05
1.93069772888325  1.224026055628371e-05
2.2758459260747883  1.1224788614818631e-05
2.6826957952797255  1.0127743726841302e-05
3.1622776601683795  9.015758337934326e-06
3.72759372031494  7.937064281179557e-06
4.39397056076079  6.923884111187621e-06
5.17947467923121  5.995328633486946e-06
6.1054022965853285  5.160423661990666e-06
7.196856730011519  4.42086021443535e-06
8.483428982440719  3.768470509940036e-06
10.0  3.2118048719460154e-06
