#   sigma=85.0
# k   Delta_s   Delta_d
1.0  3.540685360711097e-06
1.1787686347935873  3.6569697235234196e-06
1.3894954943731377  3.6463866868192004e-06
1.637893706954064  3.5322239227147548e-06
1.93069772888325  3.340719176493946e-06
2.2758459260747883  3.0970460953486013e-06
2.6826957952797255  2.8233074510866538e-06
3.1622776601683795  2.537663811016327e-06
3.72759372031494  2.2540209745712094e-06
4.39397056076079  1.982533110235026e-06
5.17947467923121  1.729536403628173e-06
6.1054022965853285  1.4987419930812765e-06
7.196856730011519  1.2916831077823212e-06
8.483428982440719  1.1083951621443823e-06
10.0  9.478265515408171e-07
