#   sigma=58.0
# k   Delta_s   Delta_d
1.0  6.0069263541526156e-06
1.1787686347935873  6.053159904735314e-06
1.3894954943731377  5.884771816426316e-06
1.637893706954064  5.560847666522657e-06
1.93069772888325  5.136567922462184e-06
2.2758459260747883  4.657526630072981e-06
2.6826957952797255  4.159276197760539e-06
3.1622776601683795  3.6680576362116017e-06
3.72759372031494  3.2018913766818055e-06
4.39397056076079  2.771939973893191e-06
5.17947467923121  2.3839774616794854e-06
6.1054022965853285  2.0398082752609425e-06
7.196856730011519  1.7385026744076527e-06
8.483428982440719  1.4776384840436263e-06
10.0  1.2543300101231372e-06
