#   sigma=34.0
# k   Delta_s   Delta_d
1.0  1.5451331496979103e-05
1.1787686347935873  1.586249091997636e-05
1.3894954943731377  1.5697032304093017e-05
1.637893706954064  1.507722297374823e-05
1.93069772888325  1.4135220960056124e-05
2.2758459260747883  1.2991200581175008e-05
2.6826957952797255  1.174500881180615e-05
3.1622776601683795  1.0474425628102582e-05
3.72759372031494  9.23630640420861e-06
4.39397056076079  8.069113009817921e-06
5.17947467923121  6.996111649984483e-06
6.1054022965853285  6.02877592814165e-06
7.196856730011519  5.169955720396967e-06
8.483428982440719  4.416611423193613e-06
10.0  3.76224199825881e-06
