#   sigma=63.0
# k   Delta_s   Delta_d
1.0  5.084747706461037e-06
1.1787686347935873  5.109578006108116e-06
1.3894954943731377  4.9546413658332475e-06
1.637893706954064  4.670998861180501e-06
1.93069772888325  4.305461978657566e-06
2.2758459260747883  3.896327404342846e-06
2.6826957952797255  3.4732740205969804e-06
3.1622776601683795  3.058044325394716e-06
3.72759372031494  2.6654208232770185e-06
4.39397056076079  2.3044124926619934e-06
5.17947467923121  1.979528653248931e-06
6.1054022965853285  1.691990044534986e-06
7.196856730011519  1.440773581700787e-06
8.483428982440719  1.2234668615531752e-06
10.0  1.036917055429968e-06
