#   sigma=55.0
# k   Delta_s   Delta_d
1.0  6.667627183020544e-06
1.1787686347935873  6.7311995925264185e-06
1.3894954943731377  6.5550420874083154e-06
1.637893706954064  6.203732419226421e-06
1.93069772888325  5.738387319643447e-06
2.2758459260747883  5.209854683861495e-06
2.6826957952797255  4.657960672398224e-06
3.1622776601683795  4.112242078555008e-06
3.72759372031494  3.5931133215945704e-06
4.39397056076079  3.1133446292927205e-06
5.17947467923121  2.679674223123898e-06
6.1054022965853285  2.2943717939317156e-06
7.196856730011519  1.9566009653499187e-06
8.483428982440719  1.6635572550029914e-06
10.0  1.4113565458246871e-06
