#   sigma=24
# k   Delta_s   Delta_d
1.0  2.4864955914651913e-05
1.1787686347935873  2.580922343715687e-05
1.3894954943731377  2.5817511831575106e-05
1.637893706954064  2.505523513064774e-05
1.93069772888325  2.371644036545373e-05
2.2758459260747883  2.1989398477289572e-05
2.6826957952797255  2.0039364538195405e-05
3.1622776601683795  1.8000931325228397e-05
3.72759372031494  1.5976652464498517e-05
4.39397056076079  1.403919686755069e-05
5.17947467923121  1.2235576983907684e-05
6.1054022965853285  1.059172740308628e-05
7.196856730011519  9.119650184858298e-06
8.483428982440719  7.817722531931151e-06
10.0  6.678619213305781e-06
