#   sigma=52.0
# k   Delta_s   Delta_d
1.0  7.4270176998330545e-06
1.1787686347935873  7.512414844087282e-06
1.3894954943731377  7.3290931240786325e-06
1.637893706954064  6.947743707814138e-06
1.93069772888325  6.4362008908341275e-06
2.2758459260747883  5.85137252293639e-06
2.6826957952797255  5.238060526369957e-06
3.1622776601683795  4.629658553136825e-06
3.72759372031494  4.04940253836096e-06
4.39397056076079  3.5119764743443845e-06
5.17947467923121  3.025279874993937e-06
6.1054022965853285  2.592156407231695e-06
7.196856730011519  2.2119245926011086e-06
8.483428982440719  1.88137941319448e-06
10.0  1.5972195905337348e-06
