#   sigma=19
# k   Delta_s   Delta_d
1.0  3.1004636156696694e-05
1.1787686347935873  3.1390669380305914e-05
1.3894954943731377  3.060974483219132e-05
1.637893706954064  2.8984423773317082e-05
1.93069772888325  2.6812374030500938e-05
2.2758459260747883  2.4337452354373138e-05
2.6826957952797255  2.17497556965195e-05
3.1622776601683795  1.9190021753725195e-05
3.72759372031494  1.6755400393287235e-05
4.39397056076079  1.4506565961029674e-05
5.17947467923121  1.2475440345054767e-05
6.1054022965853285  1.0672612903385991e-05
7.196856730011519  9.093951347567812e-06
8.483428982440719  7.725973952004192e-06
10.0  6.5500185083806005e-06
