#   sigma=33.0
# k   Delta_s   Delta_d
1.0  1.6168835022085357e-05
1.1787686347935873  1.6615693198662486e-05
1.3894954943731377  1.6458466131711108e-05
1.637893706954064  1.582321043743442e-05
1.93069772888325  1.484722099277506e-05
2.2758459260747883  1.3656128994901879e-05
2.6826957952797255  1.2354806090279305e-05
3.1622776601683795  1.1025241191947003e-05
3.72759372031494  9.727572012847572e-06
4.39397056076079  8.502656663616503e-06
5.17947467923121  7.375371463215087e-06
6.1054022965853285  6.358157907136929e-06
7.196856730011519  5.454331753307683e-06
8.483428982440719  4.660964178325098e-06
10.0  3.971157006455979e-06
