#   sigma=94.0
# k   Delta_s   Delta_d
1.0  3.003502461055781e-06
1.1787686347935873  3.101177822954726e-06
1.3894954943731377  3.0912477955908254e-06
1.637893706954064  2.9935453476974364e-06
1.93069772888325  2.830402294557937e-06
2.2758459260747883  2.623187723595555e-06
2.6826957952797255  2.3906664735298666e-06
3.1622776601683795  2.1482296120964778e-06
3.72759372031494  1.9077056163507254e-06
4.39397056076079  1.6775140712275587e-06
5.17947467923121  1.4631289423597387e-06
6.1054022965853285  1.2676796932316738e-06
7.196856730011519  1.092400200413733e-06
8.483428982440719  9.375520026417004e-07
10.0  8.013666455807894e-07
