#   sigma=47.0
# k   Delta_s   Delta_d
1.0  8.965070604614321e-06
1.1787686347935873  9.100346015481595e-06
1.3894954943731377  8.907966532397772e-06
1.637893706954064  8.470227159896415e-06
1.93069772888325  7.868275108026061e-06
2.2758459260747883  7.17131650481421e-06
2.6826957952797255  6.434402575579019e-06
3.1622776601683795  5.698954870492245e-06
3.72759372031494  4.994140182692381e-06
4.39397056076079  4.3387211543715865e-06
5.17947467923121  3.7431116697128816e-06
6.1054022965853285  3.211480271037668e-06
7.196856730011519  2.7431415003939434e-06
8.483428982440719  2.336160030877424e-06
10.0  1.981134456272342e-06
