#   sigma=95.0
# k   Delta_s   Delta_d
1.0  2.951427134446436e-06
1.1787686347935873  3.047314093856652e-06
1.3894954943731377  3.037462056119836e-06
1.637893706954064  2.941369442091759e-06
1.93069772888325  2.7809860901476746e-06
2.2758459260747883  2.577313809600096e-06
2.6826957952797255  2.348793385469327e-06
3.1622776601683795  2.110549893854891e-06
3.72759372031494  1.8741968643715235e-06
4.39397056076079  1.6480111386382242e-06
5.17947467923121  1.4373674748061157e-06
6.1054022965853285  1.2453403428988339e-06
7.196856730011519  1.0729934500880456e-06
8.483428982440719  9.208251754905372e-07
10.0  7.871886423393104e-07
