#   sigma=14
# k   Delta_s   Delta_d
1.0  4.963508365046556e-05
1.1787686347935873  5.15051627456361e-05
1.3894954943731377  5.133835713944278e-05
1.637893706954064  4.955984578868856e-05
1.93069772888325  4.6633827857987395e-05
2.2758459260747883  4.2978119938617544e-05
2.6826957952797255  3.8937507679182076e-05
3.1622776601683795  3.478083094917698e-05
3.72759372031494  3.070587186067809e-05
4.39397056076079  2.684792252574202e-05
5.17947467923121  2.3290420031412215e-05
6.1054022965853285  2.0076261559991435e-05
7.196856730011519  1.7218326089057863e-05
8.483428982440719  1.4708903272223056e-05
10.0  1.2527116128354924e-05
