#   sigma=29
# k   Delta_s   Delta_d
1.0  1.9486915042083557e-05
1.1787686347935873  2.0110169616546403e-05
1.3894954943731377  2.0002769665806643e-05
1.637893706954064  1.930681163302494e-05
1.93069772888325  1.8182293841675374e-05
2.2758459260747883  1.677950081763661e-05
2.6826957952797255  1.522649891473854e-05
3.1622776601683795  1.3625081760753362e-05
3.72759372031494  1.2051055508767794e-05
4.39397056076079  1.0556844736592195e-05
5.17947467923121  9.17523409127134e-06
6.1054022965853285  7.923517649430392e-06
7.196856730011519  6.807478091892798e-06
8.483428982440719  5.824893939448824e-06
10.0  4.9683493277204e-06
