#   sigma=88.0
# k   Delta_s   Delta_d
1.0  3.346563297551443e-06
1.1787686347935873  3.4560947756010135e-06
1.3894954943731377  3.4457214305007726e-06
1.637893706954064  3.337481581984332e-06
1.93069772888325  3.1562134852185295e-06
2.2758459260747883  2.925704575685258e-06
2.6826957952797255  2.666854967422072e-06
3.1622776601683795  2.3968248867298857e-06
3.72759372031494  2.1288017546043475e-06
4.39397056076079  1.8722042128400878e-06
5.17947467923121  1.6331692801884695e-06
6.1054022965853285  1.415146971332256e-06
7.196856730011519  1.2195858963407205e-06
8.483428982440719  1.0469239324975252e-06
10.0  8.948253763977266e-07
