#   sigma=50.0
# k   Delta_s   Delta_d
1.0  7.997314432836749e-06
1.1787686347935873  8.100353993990286e-06
1.3894954943731377  7.912854890491456e-06
1.637893706954064  7.509921301032956e-06
1.93069772888325  6.9643713874519465e-06
2.2758459260747883  6.337675911297581e-06
2.6826957952797255  5.678409654909235e-06
3.1622776601683795  5.022909583954009e-06
3.72759372031494  4.396580531282346e-06
4.39397056076079  3.815586303737717e-06
5.17947467923121  3.2887330606500144e-06
6.1054022965853285  2.8193339914334513e-06
7.196856730011519  2.406840678551763e-06
8.483428982440719  2.0482167114780187e-06
10.0  1.7426662737334471e-06
