#   sigma=70.0
# k   Delta_s   Delta_d
1.0  4.085282673252313e-06
1.1787686347935873  4.091199091328986e-06
1.3894954943731377  3.954726435579187e-06
1.637893706954064  3.717777728254596e-06
1.93069772888325  3.417978127135006e-06
2.2758459260747883  3.0858001585451907e-06
2.6826957952797255  2.744693338170574e-06
3.1622776601683795  2.4116784037662423e-06
3.72759372031494  2.09817369113295e-06
4.39397056076079  1.81099501194798e-06
5.17947467923121  1.5533944281839719e-06
6.1054022965853285  1.3260586429471931e-06
7.196856730011519  1.127945830840551e-06
8.483428982440719  9.568459016119206e-07
10.0  8.102276940852051e-07
