#   sigma=51.0
# k   Delta_s   Delta_d
1.0  7.704861945543782e-06
1.1787686347935873  7.79868339124175e-06
1.3894954943731377  7.613166528075011e-06
1.637893706954064  7.2211700003931444e-06
1.93069772888325  6.692968662410126e-06
2.2758459260747883  6.0876888935404795e-06
2.6826957952797255  5.451965468815722e-06
3.1622776601683795  4.820621340867505e-06
3.72759372031494  4.2179414225385796e-06
4.39397056076079  3.6593248570587613e-06
5.17947467923121  3.153108766714558e-06
6.1054022965853285  2.702361508497307e-06
7.196856730011519  2.306458242609199e-06
8.483428982440719  1.9624109257262628e-06
10.0  1.6692341684623378e-06
