#   sigma=28
# k   Delta_s   Delta_d
1.0  2.044296569799617e-05
1.1787686347935873  2.1120077558591376e-05
1.3894954943731377  2.103014231821048e-05
1.637893706954064  2.031954920553275e-05
1.93069772888325  1.915458283280109e-05
2.2758459260747883  1.769244937269818e-05
2.6826957952797255  1.60678700254232e-05
3.1622776601683795  1.4388420694758357e-05
3.72759372031494  1.2734544410836255e-05
4.39397056076079  1.1162130878050826e-05
5.17947467923121  9.706370346376572e-06
6.1054022965853285  8.386057849224902e-06
7.196856730011519  7.207770837159721e-06
8.483428982440719  6.1695170474336e-06
10.0  5.263855499337727e-06
