#   sigma=48.0
# k   Delta_s   Delta_d
1.0  8.62635547207513e-06
1.1787686347935873  8.750039407459378e-06
1.3894954943731377  8.559068088812067e-06
1.637893706954064  8.133260043426401e-06
1.93069772888325  7.55087006960364e-06
2.2758459260747883  6.878395497381236e-06
2.6826957952797255  6.168611052390845e-06
3.1622776601683795  5.461147087875846e-06
3.72759372031494  4.783843659006344e-06
4.39397056076079  4.154536909908063e-06
5.17947467923121  3.5830791375132555e-06
6.1054022965853285  3.0733218394379482e-06
7.196856730011519  2.624884712152096e-06
8.483428982440719  2.236261903019157e-06
10.0  1.8986736776359748e-06
