#   sigma=71.0
# k   Delta_s   Delta_d
1.0  3.964467066466843e-06
1.1787686347935873  3.968419852707914e-06
1.3894954943731377  3.834468404868288e-06
1.637893706954064  3.6033884842576046e-06
1.93069772888325  3.3116857220471574e-06
2.2758459260747883  2.988896819560718e-06
2.6826957952797255  2.657727179060535e-06
3.1622776601683795  2.334638341311786e-06
3.72759372031494  2.030652021871257e-06
4.39397056076079  1.7523313266159762e-06
5.17947467923121  1.5027848545336063e-06
6.1054022965853285  1.2826418950832329e-06
7.196856730011519  1.0908548435906282e-06
8.483428982440719  9.250635827882244e-07
10.0  7.833947453696887e-07
