#   sigma=67.0
# k   Delta_s   Delta_d
1.0  4.478277981876133e-06
1.1787686347935873  4.49106866198806e-06
1.3894954943731377  4.346827240861504e-06
1.637893706954064  4.0911266852999155e-06
1.93069772888325  3.765212948842759e-06
2.2758459260747883  3.402623827318933e-06
2.6826957952797255  3.029239271313444e-06
3.1622776601683795  2.6639180686356647e-06
3.72759372031494  2.319380484365252e-06
4.39397056076079  2.003286908470534e-06
5.17947467923121  1.7193719160346642e-06
6.1054022965853285  1.468516660639862e-06
7.196856730011519  1.2496779168109479e-06
8.483428982440719  1.060805863764841e-06
10.0  8.983218147818081e-07
