#   sigma=97.0
# k   Delta_s   Delta_d
1.0  2.8514196226753302e-06
1.1787686347935873  2.943874232836327e-06
1.3894954943731377  2.934175125655016e-06
1.637893706954064  2.841171662807098e-06
1.93069772888325  2.686086404421306e-06
2.2758459260747883  2.4892139363779626e-06
2.6826957952797255  2.2683737352963627e-06
3.1622776601683795  2.038177200918757e-06
3.72759372031494  1.8098362398777185e-06
4.39397056076079  1.5913442155742291e-06
5.17947467923121  1.3878895833278732e-06
6.1054022965853285  1.2024180566935374e-06
7.196856730011519  1.0361129333898678e-06
8.483428982440719  8.890036481044288e-07
10.0  7.599219969254726e-07
