#   sigma=65.0
# k   Delta_s   Delta_d
1.0  4.769483298244064e-06
1.1787686347935873  4.787893814759338e-06
1.3894954943731377  4.638371288840744e-06
1.637893706954064  4.369139200897257e-06
1.93069772888325  4.024121250514725e-06
2.2758459260747883  3.639138797279727e-06
2.6826957952797255  3.2418873124530097e-06
3.1622776601683795  2.8526067513365737e-06
3.72759372031494  2.48500258978858e-06
4.39397056076079  2.1473761750761115e-06
5.17947467923121  1.8438304555237697e-06
6.1054022965853285  1.5754055206617054e-06
7.196856730011519  1.3410635575545806e-06
8.483428982440719  1.1384790644883819e-06
10.0  9.63901173751147e-07
