#   sigma=73.0
# k   Delta_s   Delta_d
1.0  4.514867883620648e-06
1.1787686347935873  4.665537378296815e-06
1.3894954943731377  4.654348223683315e-06
1.637893706954064  4.510794145362852e-06
1.93069772888325  4.2682347770451565e-06
2.2758459260747883  3.958682546211284e-06
2.6826957952797255  3.6103207244707447e-06
3.1622776601683795  3.246343317847135e-06
3.72759372031494  2.884619435761343e-06
4.39397056076079  2.537956188085628e-06
5.17947467923121  2.2147236729002224e-06
6.1054022965853285  1.9195496779700138e-06
7.196856730011519  1.6549235562890175e-06
8.483428982440719  1.4203369867466537e-06
10.0  1.2143620645848697e-06
