#   sigma=49.0
# k   Delta_s   Delta_d
1.0  8.304136036441491e-06
1.1787686347935873  8.417103607786739e-06
1.3894954943731377  8.227773932777593e-06
1.637893706954064  7.81357042690616e-06
1.93069772888325  7.2499685938347035e-06
2.2758459260747883  6.600894223136436e-06
2.6826957952797255  5.91696590189872e-06
3.1622776601683795  5.2361211846076906e-06
3.72759372031494  4.584947155215637e-06
4.39397056076079  3.9804188703117065e-06
5.17947467923121  3.4318326961193265e-06
6.1054022965853285  2.9428037864192703e-06
7.196856730011519  2.512824193621736e-06
8.483428982440719  2.1388290091358936e-06
10.0  1.8181936751282482e-06
