#   sigma=83.0
# k   Delta_s   Delta_d
1.0  3.6795892443944944e-06
1.1787686347935873  3.8007284309412254e-06
1.3894954943731377  3.790015280430502e-06
1.637893706954064  3.671618315863714e-06
1.93069772888325  3.4728155014122397e-06
2.2758459260747883  3.2197324640818885e-06
2.6826957952797255  2.9353453848497815e-06
3.1622776601683795  2.6385309813883535e-06
3.72759372031494  2.3438111829569817e-06
4.39397056076079  2.0615638703192246e-06
5.17947467923121  1.7985661843471848e-06
6.1054022965853285  1.558623639291116e-06
7.196856730011519  1.3433424838560602e-06
8.483428982440719  1.1527644567977136e-06
10.0  9.858935290322367e-07
