#   sigma=80.0
# k   Delta_s   Delta_d
1.0  3.904090047764755e-06
1.1787686347935873  4.033105728170793e-06
1.3894954943731377  4.022208849250215e-06
1.637893706954064  3.897003680763633e-06
1.93069772888325  3.6864047137686723e-06
2.2758459260747883  3.4181198908424004e-06
2.6826957952797255  3.116525219383415e-06
3.1622776601683795  2.8016563657693687e-06
3.72759372031494  2.488930061066342e-06
4.39397056076079  2.189380999653742e-06
5.17947467923121  1.9101935990274016e-06
6.1054022965853285  1.6554865497163937e-06
7.196856730011519  1.426896588653309e-06
8.483428982440719  1.2245731586946142e-06
10.0  1.0476432202972694e-06
