#   sigma=53.0
# k   Delta_s   Delta_d
1.0  7.161687864841948e-06
1.1787686347935873  7.239222808063972e-06
1.3894954943731377  7.058178814959045e-06
1.637893706954064  6.687144803665656e-06
1.93069772888325  6.19161737113034e-06
2.2758459260747883  5.626384936670323e-06
2.6826957952797255  5.034502669373851e-06
3.1622776601683795  4.4480077579790935e-06
3.72759372031494  3.889139401980975e-06
4.39397056076079  3.3719086276879626e-06
5.17947467923121  2.903799946933349e-06
6.1054022965853285  2.4874514124142756e-06
7.196856730011519  2.122124326698323e-06
8.483428982440719  1.8049216126583573e-06
10.0  1.5323026083559538e-06
