#   sigma=72.0
# k   Delta_s   Delta_d
1.0  3.847755023056462e-06
1.1787686347935873  3.849850275757583e-06
1.3894954943731377  3.718369660011543e-06
1.637893706954064  3.492985191469416e-06
1.93069772888325  3.2091232364072097e-06
2.2758459260747883  2.8954144933359614e-06
2.6826957952797255  2.57384836316643e-06
3.1622776601683795  2.260347477099557e-06
3.72759372031494  1.965552272659051e-06
4.39397056076079  1.6957788824496061e-06
5.17947467923121  1.454003116907971e-06
6.1054022965853285  1.240795803414385e-06
7.196856730011519  1.0551117884844883e-06
8.483428982440719  8.949338006206999e-07
10.0  7.581105593485316e-07
