#   sigma=40.0
# k   Delta_s   Delta_d
1.0  1.1894183715467215e-05
1.1787686347935873  1.2142383632378325e-05
1.3894954943731377  1.1950395499108031e-05
1.637893706954064  1.1420125281196657e-05
1.93069772888325  1.0656799048104702e-05
2.2758459260747883  9.752939619308406e-06
2.6826957952797255  8.783603439854301e-06
3.1622776601683795  7.806194461748019e-06
3.72759372031494  6.86189191680971e-06
4.39397056076079  5.97788084542759e-06
5.17947467923121  5.169979487057201e-06
6.1054022965853285  4.4453056697345696e-06
7.196856730011519  3.8047289296297232e-06
8.483428982440719  3.250142636587595e-06
10.0  2.7611434396069595e-06
