#   sigma=27
# k   Delta_s   Delta_d
1.0  2.1455574102805155e-05
1.1787686347935873  2.219132076587599e-05
1.3894954943731377  2.212144061538181e-05
1.637893706954064  2.139679406742294e-05
1.93069772888325  2.019017675561712e-05
2.2758459260747883  1.866605440894191e-05
2.6826957952797255  1.6966157882574947e-05
3.1622776601683795  1.5204225599646307e-05
3.72759372031494  1.3465672314082016e-05
4.39397056076079  1.181012867689973e-05
5.17947467923121  1.027539129267109e-05
6.1054022965853285  8.881902490914017e-06
7.196856730011519  7.63712127991823e-06
8.483428982440719  6.539395230251787e-06
10.0  5.581051916224444e-06
