#   sigma=77.0
# k   Delta_s   Delta_d
1.0  4.149677487200378e-06
1.1787686347935873  4.2873611689359074e-06
1.3894954943731377  4.276311788573521e-06
1.637893706954064  4.143699798819384e-06
1.93069772888325  3.9202279114064745e-06
2.2758459260747883  3.6353354705697083e-06
2.6826957952797255  3.3149289002859605e-06
3.1622776601683795  2.980311286625244e-06
3.72759372031494  2.6478876953859845e-06
4.39397056076079  2.329401624169049e-06
5.17947467923121  2.0325182844067468e-06
6.1054022965853285  1.7616100517049927e-06
7.196856730011519  1.5185181181044798e-06
8.483428982440719  1.3033358289633535e-06
10.0  1.1144892332731386e-06
