#   sigma=89.0
# k   Delta_s   Delta_d
1.0  3.2853423126328076e-06
1.1787686347935873  3.392752065516871e-06
1.3894954943731377  3.382453029627522e-06
1.637893706954064  3.2760901375662174e-06
1.93069772888325  3.098054380242165e-06
2.2758459260747883  2.871701511142652e-06
2.6826957952797255  2.617550389978445e-06
3.1622776601683795  2.3524456709486087e-06
3.72759372031494  2.089330450065856e-06
4.39397056076079  1.8374461387119173e-06
5.17947467923121  1.602811723541434e-06
6.1054022965853285  1.388811890416489e-06
7.196856730011519  1.197024533142529e-06
8.483428982440719  1.026977601053308e-06
10.0  8.781587226075153e-07
