#   sigma=62.0
# k   Delta_s   Delta_d
1.0  5.254110693381993e-06
1.1787686347935873  5.282657199206218e-06
1.3894954943731377  5.12505129197321e-06
1.637893706954064  4.833853341320384e-06
1.93069772888325  4.457419025683396e-06
2.2758459260747883  4.035383178759445e-06
2.6826957952797255  3.5984951017373704e-06
3.1622776601683795  3.1693165908087705e-06
3.72759372031494  2.76321525381827e-06
4.39397056076079  2.3895905432390273e-06
5.17947467923121  2.0531766914005834e-06
6.1054022965853285  1.7552977413724562e-06
7.196856730011519  1.4949412471745768e-06
8.483428982440719  1.2696417741747156e-06
10.0  1.0761946465665033e-06
