#   sigma=25
# k   Delta_s   Delta_d
1.0  2.366377441508984e-05
1.1787686347935873  2.4532556071021743e-05
1.3894954943731377  2.4511398559670645e-05
1.637893706954064  2.3760668481656002e-05
1.93069772888325  2.2467056682292036e-05
2.2758459260747883  2.0810452715087568e-05
2.6826957952797255  1.894792898359667e-05
3.1622776601683795  1.700669579592651e-05
3.72759372031494  1.5083192177226374e-05
4.39397056076079  1.3245414751078111e-05
5.17947467923121  1.1537057278387643e-05
6.1054022965853285  9.98231995216187e-06
7.196856730011519  8.590736641461093e-06
8.483428982440719  7.361448969734733e-06
10.0  6.286748830326747e-06
