#   sigma=82.0
# k   Delta_s   Delta_d
1.0  3.7522724611934484e-06
1.1787686347935873  3.875955654721294e-06
1.3894954943731377  3.865177497788241e-06
1.637893706954064  3.744571706107229e-06
1.93069772888325  3.5419454093230094e-06
2.2758459260747883  3.283937554093165e-06
2.6826957952797255  2.993977529343279e-06
3.1622776601683795  2.691317259775312e-06
3.72759372031494  2.3907668834702654e-06
4.39397056076079  2.1029193090705204e-06
5.17947467923121  1.8346887487519347e-06
6.1054022965853285  1.589960202832647e-06
7.196856730011519  1.3703755635935776e-06
8.483428982440719  1.1758527798334567e-06
10.0  1.0056521438767933e-06
