#   sigma=92.0
# k   Delta_s   Delta_d
1.0  3.1117396006043e-06
1.1787686347935873  3.2131441359143584e-06
1.3894954943731377  3.2030636674133727e-06
1.637893706954064  3.102027292517685e-06
1.93069772888325  2.9331588809694136e-06
2.2758459260747883  2.718590000435447e-06
2.6826957952797255  2.47775924722014e-06
3.1622776601683795  2.226616437547368e-06
3.72759372031494  1.9774164330189127e-06
4.39397056076079  1.7388955432119831e-06
5.17947467923121  1.5167348631726772e-06
6.1054022965853285  1.3142165966167028e-06
7.196856730011519  1.132388720610793e-06
8.483428982440719  9.716917624591578e-07
10.0  8.308115730836038e-07
