#   sigma=44.0
# k   Delta_s   Delta_d
1.0  1.0091106667161532e-05
1.1787686347935873  1.026723367549761e-05
1.3894954943731377  1.0072454201873149e-05
1.637893706954064  9.596965897907404e-06
1.93069772888325  8.931367064439916e-06
2.2758459260747883  8.153870089899359e-06
2.6826957952797255  7.3271443934052715e-06
3.1622776601683795  6.498658903037059e-06
3.72759372031494  5.702095441081981e-06
4.39397056076079  4.959352730750917e-06
5.17947467923121  4.282842209335855e-06
6.1054022965853285  3.6777903873103445e-06
7.196856730011519  3.144312836407571e-06
8.483428982440719  2.6791497755313287e-06
10.0  2.27705708980563e-06
