#   sigma=16
# k   Delta_s   Delta_d
1.0  4.1478597387946014e-05
1.1787686347935873  4.256045214445707e-05
1.3894954943731377  4.199676354774896e-05
1.637893706954064  4.018259075416614e-05
1.93069772888325  3.7515158454616306e-05
2.2758459260747883  3.433489368691004e-05
2.6826957952797255  3.091429964836912e-05
3.1622776601683795  2.7460827925094586e-05
3.72759372031494  2.4123020062779342e-05
4.39397056076079  2.0998836214795417e-05
5.17947467923121  1.814521452640361e-05
6.1054022965853285  1.558773025957108e-05
7.196856730011519  1.3329422126591261e-05
8.483428982440719  1.1358310513118157e-05
10.0  9.653368218354742e-06
