#   sigma=36.0
# k   Delta_s   Delta_d
1.0  1.4131873366535634e-05
1.1787686347935873  1.447965773357106e-05
1.3894954943731377  1.4301345306051043e-05
1.637893706954064  1.3712055693826355e-05
1.93069772888325  1.2834233743073053e-05
2.2758459260747883  1.1777919247481194e-05
2.6826957952797255  1.0633716308827962e-05
3.1622776601683795  9.4717460751271e-06
3.72759372031494  8.342924059490812e-06
4.39397056076079  7.281401795738537e-06
5.17947467923121  6.307573216915186e-06
6.1054022965853285  5.431216920533762e-06
7.196856730011519  4.6543589727145075e-06
8.483428982440719  3.973827703640171e-06
10.0  3.3831749744926277e-06
