#   sigma=35.0
# k   Delta_s   Delta_d
1.0  1.4773236259637224e-05
1.1787686347935873  1.5151476104209708e-05
1.3894954943731377  1.4979048865699829e-05
1.637893706954064  1.4374594687791732e-05
1.93069772888325  1.3465314693219755e-05
2.2758459260747883  1.2366184928625239e-05
2.6826957952797255  1.1172315632402287e-05
3.1622776601683795  9.957528149901803e-06
3.72759372031494  8.775613062931106e-06
4.39397056076079  7.662796741994089e-06
5.17947467923121  6.640861088583082e-06
6.1054022965853285  5.720409496184816e-06
7.196856730011519  4.903836576032698e-06
8.483428982440719  4.188023680442192e-06
10.0  3.5664500684965902e-06
