#   sigma=10
# k   Delta_s   Delta_d
1.0  6.343162547702937e-05
1.1787686347935873  6.56528823096355e-05
1.3894954943731377  6.49931495368755e-05
1.637893706954064  6.221608531123669e-05
1.93069772888325  5.803118610483728e-05
2.2758459260747883  5.301759612095915e-05
2.6826957952797255  4.762661503359996e-05
3.1622776601683795  4.219610353700871e-05
3.72759372031494  3.696434415696355e-05
4.39397056076079  3.2085748630220236e-05
5.17947467923121  2.7647637165381506e-05
6.1054022965853285  2.368666910585372e-05
7.196856730011519  2.020371439303722e-05
8.483428982440719  1.717616313272913e-05
10.0  1.4567600730359501e-05
