#   sigma=78.0
# k   Delta_s   Delta_d
1.0  4.065266563633088e-06
1.1787686347935873  4.199965604269637e-06
1.3894954943731377  4.18896388009623e-06
1.637893706954064  4.058894322798693e-06
1.93069772888325  3.839844238388863e-06
2.2758459260747883  3.5606582631621365e-06
2.6826957952797255  3.2467169478003173e-06
3.1622776601683795  2.918887139211473e-06
3.72759372031494  2.593234862991703e-06
4.39397056076079  2.281258740072193e-06
5.17947467923121  1.9904632322729927e-06
6.1054022965853285  1.7251217545732716e-06
7.196856730011519  1.4870268517797025e-06
8.483428982440719  1.2764537175463038e-06
10.0  1.0916041359332746e-06
