#   sigma=59.0
# k   Delta_s   Delta_d
1.0  5.805474985106542e-06
1.1787686347935873  5.846713360155892e-06
1.3894954943731377  5.680970174987151e-06
1.637893706954064  5.365614726958108e-06
1.93069772888325  4.954008441169578e-06
2.2758459260747883  4.4901464299775135e-06
2.6826957952797255  4.008287493041471e-06
3.1622776601683795  3.533678725260022e-06
3.72759372031494  3.0836216145843763e-06
4.39397056076079  2.6687973630939936e-06
5.17947467923121  2.2946962843936542e-06
6.1054022965853285  1.9629866595056834e-06
7.196856730011519  1.6727119193841583e-06
8.483428982440719  1.4212632274140818e-06
10.0  1.2051514767065992e-06
