#   sigma=91.0
# k   Delta_s   Delta_d
1.0  3.1679915306269102e-06
1.1787686347935873  3.2713402653275017e-06
1.3894954943731377  3.2611878237007467e-06
1.637893706954064  3.1584248243602325e-06
1.93069772888325  2.9865861775494623e-06
2.2758459260747883  2.7681993847039398e-06
2.6826957952797255  2.523053084653368e-06
3.1622776601683795  2.2673877986132384e-06
3.72759372031494  2.0136784673276715e-06
4.39397056076079  1.7708278790015086e-06
5.17947467923121  1.5446242108102952e-06
6.1054022965853285  1.338348583195788e-06
7.196856730011519  1.153251086583372e-06
8.483428982440719  9.893234227625495e-07
10.0  8.46164267565459e-07
