#   sigma=8
# k   Delta_s   Delta_d
1.0  8.334131652331221e-05
1.1787686347935873  8.931069404166235e-05
1.3894954943731377  9.097214570018377e-05
1.637893706954064  8.918061131173762e-05
1.93069772888325  8.48784550206128e-05
2.2758459260747883  7.891815465626999e-05
2.6826957952797255  7.200120437998443e-05
3.1622776601683795  6.467786256776878e-05
3.72759372031494  5.7359044006286704e-05
4.39397056076079  5.0333774656967026e-05
5.17947467923121  4.378850699925926e-05
6.1054022965853285  3.78282210255562e-05
7.196856730011519  3.249647446497693e-05
8.483428982440719  2.779326285935765e-05
10.0  2.3689881012034515e-05
