#   sigma=5
# k   Delta_s   Delta_d
1.0  0.00010015667579150715
1.1787686347935873  0.00011623219088989206
1.3894954943731377  0.00012571450648763696
1.637893706954064  0.0001282505783461985
1.93069772888325  0.00012549178427704094
2.2758459260747883  0.00011914971650143066
2.6826957952797255  0.00011050571797684044
3.1622776601683795  0.00010058644033873776
3.72759372031494  9.01710758007603e-05
4.39397056076079  7.982864775124981e-05
5.17947467923121  6.994987042696478e-05
6.1054022965853285  6.078144318013246e-05
7.196856730011519  5.2457334529408585e-05
8.483428982440719  4.502832809494468e-05
10.0  3.8486957256671815e-05
