#   sigma=68.0
# k   Delta_s   Delta_d
1.0  4.342421799082011e-06
1.1787686347935873  4.352781541411523e-06
1.3894954943731377  4.211178118847449e-06
1.637893706954064  3.961921478520651e-06
1.93069772888325  3.6450073032024305e-06
2.2758459260747883  3.2929183044218836e-06
2.6826957952797255  2.9306865748671482e-06
3.1622776601683795  2.576535294014033e-06
3.72759372031494  2.242733470714548e-06
4.39397056076079  1.9366458361800784e-06
5.17947467923121  1.66184320554398e-06
6.1054022965853285  1.4191339538322883e-06
7.196856730011519  1.207471237387095e-06
8.483428982440719  1.0246769799049134e-06
10.0  8.67975800856373e-07
