#   sigma=6
# k   Delta_s   Delta_d
1.0  8.927650716018047e-05
1.1787686347935873  9.870399763757472e-05
1.3894954943731377  0.00010220329162965819
1.637893706954064  0.00010078402593292154
1.93069772888325  9.606670338661849e-05
2.2758459260747883  8.925107165072152e-05
2.6826957952797255  8.125729856005626e-05
3.1622776601683795  7.277975975747568e-05
3.72759372031494  6.43249066444877e-05
4.39397056076079  5.6239925429053445e-05
5.17947467923121  4.8742995235219894e-05
6.1054022965853285  4.195188965504508e-05
7.196856730011519  3.591030843354176e-05
8.483428982440719  3.0610451462363716e-05
10.0  2.601157586824712e-05
