#   sigma=87.0
# k   Delta_s   Delta_d
1.0  3.409402473451153e-06
1.1787686347935873  3.5211208884936686e-06
1.3894954943731377  3.5106778122787836e-06
1.637893706954064  3.400516878685148e-06
1.93069772888325  3.2159361549226354e-06
2.2758459260747883  2.981165657855677e-06
2.6826957952797255  2.7174961764946214e-06
3.1622776601683795  2.4424119143720507e-06
3.72759372031494  2.16935245034345e-06
4.39397056076079  1.907917145790987e-06
5.17947467923121  1.6643642919342702e-06
6.1054022965853285  1.4422069419785702e-06
7.196856730011519  1.2429208011838584e-06
8.483428982440719  1.0665080420372782e-06
10.0  9.119718199319177e-07
