#   sigma=57.0
# k   Delta_s   Delta_d
1.0  6.216562373498101e-06
1.1787686347935873  6.268073338855041e-06
1.3894954943731377  6.097010969265214e-06
1.637893706954064  5.764232390419072e-06
1.93069772888325  5.326813254973957e-06
2.2758459260747883  4.831999501553692e-06
2.6826957952797255  4.316702289138798e-06
3.1622776601683795  3.8081975848941203e-06
3.72759372031494  3.3252579378584365e-06
4.39397056076079  2.8795459067115386e-06
5.17947467923121  2.477140187448214e-06
6.1054022965853285  2.119982216683533e-06
7.196856730011519  1.8071664942289683e-06
8.483428982440719  1.5359906247381814e-06
10.0  1.3027519346867127e-06
