#   sigma=74.0
# k   Delta_s   Delta_d
1.0  4.419104782230112e-06
1.1787686347935873  4.566361166969582e-06
1.3894954943731377  4.5551983042888906e-06
1.637893706954064  4.41450625399623e-06
1.93069772888325  4.176947627778985e-06
2.2758459260747883  3.873858350476535e-06
2.6826957952797255  3.5328264645529598e-06
3.1622776601683795  3.1765490810686068e-06
3.72759372031494  2.822509799479836e-06
4.39397056076079  2.4832404345193156e-06
5.17947467923121  2.166919656427436e-06
6.1054022965853285  1.8782386535169323e-06
7.196856730011519  1.619134812537423e-06
8.483428982440719  1.3900946992576113e-06
10.0  1.1884870987748688e-06
