#   sigma=4
# k   Delta_s   Delta_d
1.0  8.304425751622707e-05
1.1787686347935873  0.00010173971078498992
1.3894954943731377  0.00011547404462864679
1.637893706954064  0.00012160474326442403
1.93069772888325  0.00012061163664603393
2.2758459260747883  0.00011498661849435893
2.6826957952797255  0.0001067095766777025
3.1622776601683795  9.697132533667022e-05
3.72759372031494  8.667097200474572e-05
4.39397056076079  7.643669436287313e-05
5.17947467923121  6.668997994748247e-05
6.1054022965853285  5.768751808203288e-05
7.196856730011519  4.956196039972336e-05
8.483428982440719  4.235670467594659e-05
10.0  3.605451557670942e-05
