#   sigma=86.0
# k   Delta_s   Delta_d
1.0  3.4740476376415576e-06
1.1787686347935873  3.588012414310478e-06
1.3894954943731377  3.5775003090328164e-06
1.637893706954064  3.4653662034220268e-06
1.93069772888325  3.2773800965188297e-06
2.2758459260747883  3.0382268699862555e-06
2.6826957952797255  2.7696003615517277e-06
3.1622776601683795  2.489317532323292e-06
3.72759372031494  2.2110756606177027e-06
4.39397056076079  1.9446623177881406e-06
5.17947467923121  1.6964596722737784e-06
6.1054022965853285  1.470054059673542e-06
7.196856730011519  1.2669074093508787e-06
8.483428982440719  1.0872379303526032e-06
10.0  9.296349553654238e-07
