#   sigma=2
# k   Delta_s   Delta_d
1.0  4.5692409806239815e-05
1.1787686347935873  6.636884352157264e-05
1.3894954943731377  9.238996623746553e-05
1.637893706954064  0.00012176614077571252
1.93069772888325  0.00015004463961634923
2.2758459260747883  0.00017128638767709706
2.6826957952797255  0.00018121972439422124
3.1622776601683795  0.00018026471773595416
3.72759372031494  0.0001722415718752269
4.39397056076079  0.00016029543659490907
5.17947467923121  0.00014616857061515678
6.1054022965853285  0.00013116260390793445
7.196856730011519  0.0001161818738991819
8.483428982440719  0.00010183653673994866
10.0  8.850428466792738e-05
