#   sigma=54.0
# k   Delta_s   Delta_d
1.0  6.909224148163168e-06
1.1787686347935873  6.979551783254888e-06
1.3894954943731377  6.800930664160504e-06
1.637893706954064  6.439917809986967e-06
1.93069772888325  5.959773241560681e-06
2.2758459260747883  5.4132694879192275e-06
2.6826957952797255  4.841810980312254e-06
3.1622776601683795  4.276153971384744e-06
3.72759372031494  3.7376035056523504e-06
4.39397056076079  3.239530928288826e-06
5.17947467923121  2.789040760629032e-06
6.1054022965853285  2.388577977918685e-06
7.196856730011519  2.03735510778454e-06
8.483428982440719  1.732942874875024e-06
10.0  1.470561244426516e-06
