#   sigma=17
# k   Delta_s   Delta_d
1.0  3.7710092339126596e-05
1.1787686347935873  3.850494773040103e-05
1.3894954943731377  3.7829795705865536e-05
1.637893706954064  3.605746186631335e-05
1.93069772888325  3.355047941880291e-05
2.2758459260747883  3.061394337179819e-05
2.6826957952797255  2.7489403198822898e-05
3.1622776601683795  2.4358918599704637e-05
3.72759372031494  2.1351223037253037e-05
4.39397056076079  1.8549678889262577e-05
5.17947467923121  1.6001226311443257e-05
6.1054022965853285  1.3725262685317429e-05
7.196856730011519  1.172162297796016e-05
8.483428982440719  9.977377858487876e-06
10.0  8.471982864629413e-06
