#   sigma=99.0
# k   Delta_s   Delta_d
1.0  2.756421767309443e-06
1.1787686347935873  2.8456246949321262e-06
1.3894954943731377  2.836075876288765e-06
1.637893706954064  2.7460164499596294e-06
1.93069772888325  2.595967983745292e-06
2.2758459260747883  2.4055600365545975e-06
2.6826957952797255  2.1920178176614655e-06
3.1622776601683795  1.9694644931084365e-06
3.72759372031494  1.7487372109299377e-06
4.39397056076079  1.5375510337161323e-06
5.17947467923121  1.3409253128625083e-06
6.1054022965853285  1.1616940750844416e-06
7.196856730011519  1.0009705776173243e-06
8.483428982440719  8.590513996534475e-07
10.0  7.343185910252343e-07
