#   sigma=11
# k   Delta_s   Delta_d
1.0  5.333209725162488e-05
1.1787686347935873  5.4531703296828466e-05
1.3894954943731377  5.344988267828377e-05
1.637893706954064  5.074124513335428e-05
1.93069772888325  4.6987261096976656e-05
2.2758459260747883  4.265190804873177e-05
2.6826957952797255  3.809285668055273e-05
3.1622776601683795  3.357286274485604e-05
3.72759372031494  2.9272232162259598e-05
4.39397056076079  2.5302890006703067e-05
5.17947467923121  2.1723270935761363e-05
6.1054022965853285  1.855235858679907e-05
7.196856730011519  1.5782044316990936e-05
8.483428982440719  1.3387238315582265e-05
10.0  1.1333547583823733e-05
