#   sigma=64.0
# k   Delta_s   Delta_d
1.0  4.92335484634316e-06
1.1787686347935873  4.944817591629919e-06
1.3894954943731377  4.792580258048062e-06
1.637893706954064  4.516258879979768e-06
1.93069772888325  4.1611880133745975e-06
2.2758459260747883  3.7643956146250217e-06
2.6826957952797255  3.354543302861568e-06
3.1622776601683795  2.9526007699792027e-06
3.72759372031494  2.5727966439974253e-06
4.39397056076079  2.223774156406431e-06
5.17947467923121  1.909834056801356e-06
6.1054022965853285  1.6321018056597835e-06
7.196856730011519  1.3895476876056803e-06
8.483428982440719  1.1797944159553846e-06
10.0  9.997866905093903e-07
