#   sigma=93.0
# k   Delta_s   Delta_d
1.0  3.0568915070813703e-06
1.1787686347935873  3.156405321146185e-06
1.3894954943731377  3.146400059983532e-06
1.637893706954064  3.0470524044980483e-06
1.93069772888325  2.8810849957625598e-06
2.2758459260747883  2.6702425830266365e-06
2.6826957952797255  2.433622628726319e-06
3.1622776601683795  2.1868921609050332e-06
3.72759372031494  1.9420878708608987e-06
4.39397056076079  1.7077874443167306e-06
5.17947467923121  1.4895668972993308e-06
6.1054022965853285  1.290609726233682e-06
7.196856730011519  1.1121886241429075e-06
8.483428982440719  9.542516031551426e-07
10.0  8.15926854683204e-07
