#   sigma=3
# k   Delta_s   Delta_d
1.0  7.961663808214747e-05
1.1787686347935873  0.00010565966538494827
1.3894954943731377  0.00013144516890725282
1.637893706954064  0.00015196851723893673
1.93069772888325  0.0001633120721884183
2.2758459260747883  0.00016521616568468847
2.6826957952797255  0.00016034895229212297
3.1622776601683795  0.00015123517937045252
3.72759372031494  0.00013951001570251126
4.39397056076079  0.0001264459604553668
5.17947467923121  0.00011297928274395454
6.1054022965853285  9.977439442355362e-05
7.196856730011519  8.727290500757539e-05
8.483428982440719  7.574276413915902e-05
10.0  6.532004193318554e-05
