#   sigma=23
# k   Delta_s   Delta_d
1.0  2.0886758500380407e-05
1.1787686347935873  2.087628558439171e-05
1.3894954943731377  2.0128940454231903e-05
1.637893706954064  1.8871777981808305e-05
1.93069772888325  1.730182707289072e-05
2.2758459260747883  1.5576517129419677e-05
2.6826957952797255  1.3816043574588553e-05
3.1622776601683795  1.2106670871295996e-05
3.72759372031494  1.0505346049123584e-05
4.39397056076079  9.04515588233862e-06
5.17947467923121  7.740940367081659e-06
6.1054022965853285  6.594499339622393e-06
7.196856730011519  5.599054016973704e-06
8.483428982440719  4.742715911838765e-06
10.0  4.011105605729972e-06
