#   sigma=31
# k   Delta_s   Delta_d
1.0  1.7732804032593928e-05
1.1787686347935873  1.8260618384091693e-05
1.3894954943731377  1.8124693991271054e-05
1.637893706954064  1.7458783690512537e-05
1.93069772888325  1.641112291702605e-05
2.2758459260747883  1.5119079109518473e-05
2.6826957952797255  1.3698478202840036e-05
3.1622776601683795  1.2240582226282358e-05
3.72759372031494  1.0812822493287005e-05
4.39397056076079  9.461416188052276e-06
5.17947467923121  8.214877560469989e-06
6.1054022965853285  7.0878637270013525e-06
7.196856730011519  6.08478842619003e-06
8.483428982440719  5.202990936060888e-06
10.0  4.435382590079976e-06
