#   sigma=21
# k   Delta_s   Delta_d
1.0  2.5429151330864283e-05
1.1787686347935873  2.5565244295246345e-05
1.3894954943731377  2.4775942749924522e-05
1.637893706954064  2.3333554044586077e-05
1.93069772888325  2.1480279082701042e-05
2.2758459260747883  1.9411394407492554e-05
2.6826957952797255  1.7277408235730228e-05
3.1622776601683795  1.5187958077677657e-05
3.72759372031494  1.3217020507571882e-05
4.39397056076079  1.140915062596867e-05
5.17947467923121  9.786093038867608e-06
6.1054022965853285  8.352978254333856e-06
7.196856730011519  7.103743163032313e-06
8.483428982440719  6.025460823324346e-06
10.0  5.101602675038168e-06
