#   sigma=61.0
# k   Delta_s   Delta_d
1.0  5.4295997338610855e-06
1.1787686347935873  5.462030754263283e-06
1.3894954943731377  5.3016946955660504e-06
1.637893706954064  5.002696684964693e-06
1.93069772888325  4.614992412411237e-06
2.2758459260747883  4.179600232532865e-06
2.6826957952797255  3.7283819470350655e-06
3.1622776601683795  3.284748783195321e-06
3.72759372031494  2.8646784936168756e-06
4.39397056076079  2.4779725143555225e-06
5.17947467923121  2.1296025749437596e-06
6.1054022965853285  1.8209981513609842e-06
7.196856730011519  1.5511632756674422e-06
8.483428982440719  1.317661956014407e-06
10.0  1.1168949407361143e-06
