#   sigma=39.0
# k   Delta_s   Delta_d
1.0  1.2408627865646231e-05
1.1787686347935873  1.2678815767829835e-05
1.3894954943731377  1.2489025697571189e-05
1.637893706954064  1.1944355307681429e-05
1.93069772888325  1.1154071825765267e-05
2.2758459260747883  1.0214743516998917e-05
2.6826957952797255  9.205002889864633e-06
3.1622776601683795  8.18513022185012e-06
3.72759372031494  7.19850900198078e-06
4.39397056076079  6.273890288800558e-06
5.17947467923121  5.4281006865855114e-06
6.1054022965853285  4.668850946984036e-06
7.196856730011519  3.997257768580434e-06
8.483428982440719  3.4100451468153226e-06
10.0  2.901193539812601e-06
