#   sigma=75.0
# k   Delta_s   Delta_d
1.0  4.326490375660633e-06
1.1787686347935873  4.470447247795721e-06
1.3894954943731377  4.459317772276333e-06
1.637893706954064  4.321396573851388e-06
1.93069772888325  4.088676327132008e-06
2.2758459260747883  3.7918394490273737e-06
2.6826957952797255  3.457895556001287e-06
3.1622776601683795  3.10906173590117e-06
3.72759372031494  2.762449450384891e-06
4.39397056076079  2.430326901437362e-06
5.17947467923121  2.1207104912570456e-06
6.1054022965853285  1.838114426371327e-06
7.196856730011519  1.584513571416505e-06
8.483428982440719  1.3598868990667448e-06
10.0  1.162998458552716e-06
