#   sigma=7
# k   Delta_s   Delta_d
1.0  8.911049468448378e-05
1.1787686347935873  9.78706760235385e-05
1.3894954943731377  0.00010174285282847719
1.637893706954064  0.00010143120314303287
1.93069772888325  9.792175781171037e-05
2.2758459260747883  9.215776594821775e-05
2.6826957952797255  8.496950297990927e-05
3.1622776601683795  7.703357307498301e-05
3.72759372031494  6.887306448769246e-05
4.39397056076079  6.08710054831753e-05
5.17947467923121  5.328872218666777e-05
6.1054022965853285  4.628779682681009e-05
7.196856730011519  3.995199684844381e-05
8.483428982440719  3.4307826397084785e-05
10.0  2.934208476943921e-05
