#   sigma=20
# k   Delta_s   Delta_d
1.0  2.807664619134224e-05
1.1787686347935873  2.8321496416876127e-05
1.3894954943731377  2.7527545907338275e-05
1.637893706954064  2.5991828583863142e-05
1.93069772888325  2.3982936151470584e-05
2.2758459260747883  2.1718932752253654e-05
2.6826957952797255  1.9368775635016096e-05
3.1622776601683795  1.705652249039791e-05
3.72759372031494  1.4866824624390141e-05
4.39397056076079  1.285159528411997e-05
5.17947467923121  1.1037164778892553e-05
6.1054022965853285  9.431059059572027e-06
7.196856730011519  8.027978768856812e-06
8.483428982440719  6.8146363979687174e-06
10.0  5.773447816329304e-06
