#   sigma=81.0
# k   Delta_s   Delta_d
1.0  3.8269822498244945e-06
1.1787686347935873  3.953287875477741e-06
1.3894954943731377  3.942450632514482e-06
1.637893706954064  3.819581013380945e-06
1.93069772888325  3.613031702106231e-06
2.2758459260747883  3.349967302081504e-06
2.6826957952797255  3.0542825138190835e-06
3.1622776601683795  2.7456145806814316e-06
3.72759372031494  2.439074274287543e-06
4.39397056076079  2.1454680617417193e-06
5.17947467923121  1.8719308882910389e-06
6.1054022965853285  1.6222145377392641e-06
7.196856730011519  1.3982084007840901e-06
8.483428982440719  1.19990088277769e-06
10.0  1.026142339211604e-06
