#   sigma=66.0
# k   Delta_s   Delta_d
1.0  4.6205064128943e-06
1.1787686347935873  4.6359707339788946e-06
1.3894954943731377  4.4890883659147e-06
1.637893706954064  4.226730213000183e-06
1.93069772888325  3.89145295065125e-06
2.2758459260747883  3.5179074598643745e-06
2.6826957952797255  3.1328596122787426e-06
3.1622776601683795  2.755838416541142e-06
3.72759372031494  2.4000452399520055e-06
4.39397056076079  2.073448821095899e-06
5.17947467923121  1.7799646586808377e-06
6.1054022965853285  1.5205475051658183e-06
7.196856730011519  1.2941519331188568e-06
8.483428982440719  1.099067838685952e-06
10.0  9.306858222035193e-07
