#   sigma=26
# k   Delta_s   Delta_d
1.0  2.2528006820166548e-05
1.1787686347935873  2.3327501899060783e-05
1.3894954943731377  2.328046606466113e-05
1.637893706954064  2.2542409800285386e-05
1.93069772888325  2.1292917222483626e-05
2.2758459260747883  1.9704015931237486e-05
2.6826957952797255  1.792487210746523e-05
3.1622776601683795  1.607576581665678e-05
3.72759372031494  1.4247436592167527e-05
4.39397056076079  1.2503545226482103e-05
5.17947467923121  1.088471477004548e-05
6.1054022965853285  9.41318745262616e-06
7.196856730011519  8.097405493918061e-06
8.483428982440719  6.9360807946699175e-06
10.0  5.921565545961838e-06
