#   sigma=79.0
# k   Delta_s   Delta_d
1.0  3.983385309480339e-06
1.1787686347935873  4.115195266842544e-06
1.3894954943731377  4.104245751021759e-06
1.637893706954064  3.976645580632129e-06
1.93069772888325  3.761889926554435e-06
2.2758459260747883  3.4882427222885503e-06
2.6826957952797255  3.18057433687558e-06
3.1622776601683795  2.859328432815498e-06
3.72759372031494  2.540244267510546e-06
4.39397056076079  2.234581343980357e-06
5.17947467923121  1.949689484976065e-06
6.1054022965853285  1.6897486930370376e-06
7.196856730011519  1.456496069296642e-06
8.483428982440719  1.2499618027606026e-06
10.0  1.0695152479500891e-06
