#   sigma=98.0
# k   Delta_s   Delta_d
1.0  2.8033912502228776e-06
1.1787686347935873  2.894198649679296e-06
1.3894954943731377  2.8845708994594416e-06
1.637893706954064  2.7930525213051995e-06
1.93069772888325  2.640509994710705e-06
2.2758459260747883  2.446902448870272e-06
2.6826957952797255  2.2297494753533064e-06
3.1622776601683795  2.0034152096381912e-06
3.72759372031494  1.7789238430621676e-06
4.39397056076079  1.564124318811367e-06
5.17947467923121  1.3641232562744256e-06
6.1054022965853285  1.181810991391727e-06
7.196856730011519  1.0183370244064906e-06
8.483428982440719  8.73922380635321e-07
10.0  7.469567328472331e-07
