#   sigma=9
# k   Delta_s   Delta_d
1.0  7.394045438265474e-05
1.1787686347935873  7.771430577862637e-05
1.3894954943731377  7.790710646703339e-05
1.637893706954064  7.536528369811221e-05
1.93069772888325  7.092839927907769e-05
2.2758459260747883  6.531159962551343e-05
2.6826957952797255  5.908235567798726e-05
3.1622776601683795  5.267438507252547e-05
3.72759372031494  4.6402267203400696e-05
4.39397056076079  4.047846330926522e-05
5.17947467923121  3.503186455114838e-05
6.1054022965853285  3.0126669490826658e-05
7.196856730011519  2.577984550217616e-05
8.483428982440719  2.1976154488755377e-05
10.0  1.868022084925103e-05
