#   sigma=69.0
# k   Delta_s   Delta_d
1.0  4.211521268744057e-06
1.1787686347935873  4.219594171744646e-06
1.3894954943731377  4.080579231538849e-06
1.637893706954064  3.837570741643022e-06
1.93069772888325  3.5293576728654612e-06
2.2758459260747883  3.1873973117264123e-06
2.6826957952797255  2.8359170258100405e-06
3.1622776601683795  2.492526518630402e-06
3.72759372031494  2.1690614133123788e-06
4.39397056076079  1.872603361046457e-06
5.17947467923121  1.6065655261402368e-06
6.1054022965853285  1.3716896648116125e-06
7.196856730011519  1.166929870856497e-06
8.483428982440719  9.90136635162977e-07
10.0  8.386348525826863e-07
