#   sigma=32
# k   Delta_s   Delta_d
1.0  1.692844136385401e-05
1.1787686347935873  1.7414053986001395e-05
1.3894954943731377  1.7266599888637084e-05
1.637893706954064  1.6615926807994743e-05
1.93069772888325  1.5604700788419595e-05
2.2758459260747883  1.4364286360717301e-05
2.6826957952797255  1.3004872139447532e-05
3.1622776601683795  1.161293489380771e-05
3.72759372031494  1.025213081811029e-05
4.39397056076079  8.965896485571763e-06
5.17947467923121  7.780853892955713e-06
6.1054022965853285  6.710500084091415e-06
7.196856730011519  5.758669450990919e-06
8.483428982440719  4.922555230397344e-06
10.0  4.195153591421746e-06
