#   sigma=46.0
# k   Delta_s   Delta_d
1.0  9.32144679098241e-06
1.1787686347935873  9.46928579285763e-06
1.3894954943731377  9.27578433887125e-06
1.637893706954064  8.825792319193894e-06
1.93069772888325  8.203474091270007e-06
2.2758459260747883  7.480887654214288e-06
2.6826957952797255  6.71548758962219e-06
3.1622776601683795  5.9505943311000466e-06
3.72759372031494  5.2167884461158195e-06
4.39397056076079  4.533812132621951e-06
5.17947467923121  3.912700201363621e-06
6.1054022965853285  3.357942786330843e-06
7.196856730011519  2.86938118639188e-06
8.483428982440719  2.443836514318195e-06
10.0  2.0780608767286804e-06
