#   sigma=30
# k   Delta_s   Delta_d
1.0  1.858471460773761e-05
1.1787686347935873  1.9158122416646104e-05
1.3894954943731377  1.9035289436204956e-05
1.637893706954064  1.8354081093863423e-05
1.93069772888325  1.726852429087706e-05
2.2758459260747883  1.592229219471242e-05
2.6826957952797255  1.4437167446469162e-05
3.1622776601683795  1.2909503462804468e-05
3.72759372031494  1.1410768165423624e-05
4.39397056076079  9.990157233259655e-06
5.17947467923121  8.678235427930564e-06
6.1054022965853285  7.490908970104864e-06
7.196856730011519  6.43324574596426e-06
8.483428982440719  5.502755161812022e-06
10.0  4.692556400214534e-06
