#   sigma=22
# k   Delta_s   Delta_d
1.0  2.30375224555176e-05
1.1787686347935873  2.3090148698737762e-05
1.3894954943731377  2.231763577222255e-05
1.637893706954064  2.096888422854499e-05
1.93069772888325  1.9262259100796966e-05
2.2758459260747883  1.7372915813518712e-05
2.6826957952797255  1.543518272125741e-05
3.1622776601683795  1.3546207890500705e-05
3.72759372031494  1.1770775551242116e-05
4.39397056076079  1.014723327682309e-05
5.17947467923121  8.693534844221684e-06
6.1054022965853285  7.412942398752415e-06
7.196856730011519  6.298915213281807e-06
8.483428982440719  5.338995131790158e-06
10.0  4.5177643060215766e-06
