#   sigma=15
# k   Delta_s   Delta_d
1.0  4.5476568794237794e-05
1.1787686347935873  4.6913224145108584e-05
1.3894954943731377  4.651442979845576e-05
1.637893706954064  4.469346481470933e-05
1.93069772888325  4.188195752607063e-05
2.2758459260747883  3.845832104887221e-05
2.6826957952797255  3.472955153072263e-05
3.1622776601683795  3.0931952632248685e-05
3.72759372031494  2.723702919168144e-05
4.39397056076079  2.3759889958280902e-05
5.17947467923121  2.0569532544943337e-05
6.1054022965853285  1.7699246273170396e-05
7.196856730011519  1.5156331377886257e-05
8.483428982440719  1.2930475111112677e-05
10.0  1.1000446116148922e-05
